NUM_DOF: 4
orient_discret: reg
position_dim: 3
position_discret: sq
prim:
  0,:
  - cost: 0.0784237024210606
    params:
    - [0.0, 0.0, 0.0, 0.0, 0.0, 0.0, 0.0, 0.0]
    - [0.0, 0.0, 0.0, 0.0, 0.0, 0.0, 0.0, 0.0]
    - [0.0, 0.0, 0.0, 0.0, 0.0, 0.0, 0.0, 0.0]
    - 0.21
    - 0.0
    - 0.0
    - 0.0784237024210606
    q_f: [0, 0, 0, 0]
    swath:
    - [0, 0, 0]
  - cost: 0.20665537019088798
    params:
    - [10.510880661445078, -29.046507805567686, 28.59558175766426, -10.402799460975194,
      -1.66374497877304e-14, -2.43248233449611e-14, 9.253859850043001e-14, 1.9551642836533588e-14]
    - [10.510880661445078, -29.046507805567686, 28.59558175766426, -10.402799460975194,
      -1.66374497877304e-14, -2.43248233449611e-14, 9.253859850043001e-14, 1.9551642836533588e-14]
    - [10.510880661445078, -29.046507805567686, 28.59558175766426, -10.402799460975194,
      -1.66374497877304e-14, -2.43248233449611e-14, 9.253859850043001e-14, 1.9551642836533588e-14]
    - 0.6249999999999877
    - 0.6828203261671887
    - 0.927436418532899
    - 0.20665537019088798
    q_f: [-1, -1, -1, 1]
    swath:
    - [-1, 0, -1]
    - [0, -1, -1]
    - [0, 0, -1]
    - [0, 0, 0]
    - [-1, -1, -1]
    - [-1, 0, 0]
    - [-1, -1, 0]
    - [0, -1, 0]
  - cost: 0.21758182752420485
    params:
    - [1.2641385982437754, -15.045381786518854, 22.86919923864171, -10.326205498408708,
      1.4802601884059163e-15, 1.4275665253457116e-14, -7.381077033794955e-15, -1.1614837328633815e-15]
    - [1.2641385982437754, -15.045381786518854, 22.86919923864171, -10.326205498408708,
      1.4802601884059163e-15, 1.4275665253457116e-14, -7.381077033794955e-15, -1.1614837328633815e-15]
    - [0.0, 0.0, 0.0, 0.0, 0.0, 0.0, 0.0, 0.0]
    - 0.5624999999999928
    - 0.5606854259977089
    - 0.9457193733148858
    - 0.21758182752420485
    q_f: [-1, -1, 0, 2]
    swath:
    - [-1, 0, 0]
    - [0, 0, 0]
    - [0, -1, 0]
    - [-1, -1, 0]
  - cost: 0.2718748262566013
    params:
    - [10.510880661445078, -29.046507805567686, 28.59558175766426, -10.402799460975194,
      -1.66374497877304e-14, -2.43248233449611e-14, 9.253859850043001e-14, 1.9551642836533588e-14]
    - [10.510880661445078, -29.046507805567686, 28.59558175766426, -10.402799460975194,
      -1.66374497877304e-14, -2.43248233449611e-14, 9.253859850043001e-14, 1.9551642836533588e-14]
    - [-10.510880661445078, 29.046507805567686, -28.59558175766426, 10.402799460975194,
      1.66374497877304e-14, 2.43248233449611e-14, -9.253859850043001e-14, -1.9551642836533588e-14]
    - 0.6249999999999877
    - 0.6828203261671887
    - 0.927436418532899
    - 0.2718748262566013
    q_f: [-1, -1, 1, 3]
    swath:
    - [-1, -1, 1]
    - [0, 0, 1]
    - [0, -1, 1]
    - [-1, -1, 0]
    - [-1, 0, 1]
    - [0, 0, 0]
    - [0, -1, 0]
    - [-1, 0, 0]
  - cost: 0.1758664385520173
    params:
    - [1.2641385982437754, -15.045381786518854, 22.86919923864171, -10.326205498408708,
      1.4802601884059163e-15, 1.4275665253457116e-14, -7.381077033794955e-15, -1.1614837328633815e-15]
    - [0.0, 0.0, 0.0, 0.0, 0.0, 0.0, 0.0, 0.0]
    - [1.2641385982437754, -15.045381786518854, 22.86919923864171, -10.326205498408708,
      1.4802601884059163e-15, 1.4275665253457116e-14, -7.381077033794955e-15, -1.1614837328633815e-15]
    - 0.5624999999999928
    - 0.5606854259977089
    - 0.9457193733148858
    - 0.1758664385520173
    q_f: [-1, 0, -1, 4]
    swath:
    - [0, 0, -1]
    - [-1, 0, -1]
    - [0, 0, 0]
    - [-1, 0, 0]
  - cost: 0.26928139910784904
    params:
    - [11.402076145075927, -33.87864862663881, 35.94959416829901, -14.128047309839681,
      -1.7213321312578594e-14, -1.4052258984389346e-13, 3.833004540834535e-13, 3.301087331503842e-14]
    - [0.0, 0.0, 0.0, 0.0, 0.0, 0.0, 0.0, 0.0]
    - [0.0, 0.0, 0.0, 0.0, 0.0, 0.0, 0.0, 0.0]
    - 0.7031249999999869
    - 0.7937500000546049
    - 0.8849815911078474
    - 0.26928139910784904
    q_f: [-2, 0, 0, 5]
    swath:
    - [-1, 0, 0]
    - [0, 0, 0]
    - [-2, 0, 0]
  - cost: 0.32682542188319474
    params:
    - [-9.763731720234711, 22.650053609502883, -16.362396337799865, 3.018117652045397,
      4.923197673945005e-14, 1.0262416612764488e-13, -2.257289181172463e-13, -1.5297170940971054e-13]
    - [0.0, 0.0, 0.0, 0.0, 0.0, 0.0, 0.0, 0.0]
    - [-20.20243197424854, 56.01112608850999, -54.43266539040421, 19.105339138014312,
      8.90369870865151e-14, 1.1007521296523335e-13, -6.823521970286161e-13, 6.557651119914588e-13]
    - 0.7499999999999905
    - 0.90741137348183
    - 0.9901972616516845
    - 0.32682542188319474
    q_f: [-1, 0, 2, 6]
    swath:
    - [-1, 0, 1]
    - [0, 0, 0]
    - [0, 0, 1]
    - [0, 0, 2]
    - [-1, 0, 2]
  - cost: 0.2066553701908884
    params:
    - [10.510880661445078, -29.046507805567686, 28.59558175766426, -10.402799460975194,
      -1.66374497877304e-14, -2.43248233449611e-14, 9.253859850043001e-14, 1.9551642836533588e-14]
    - [-10.510880661445078, 29.046507805567686, -28.59558175766426, 10.402799460975194,
      1.66374497877304e-14, 2.43248233449611e-14, -9.253859850043001e-14, -1.9551642836533588e-14]
    - [10.510880661445078, -29.046507805567686, 28.59558175766426, -10.402799460975194,
      -1.66374497877304e-14, -2.43248233449611e-14, 9.253859850043001e-14, 1.9551642836533588e-14]
    - 0.6249999999999877
    - 0.6828203261671887
    - 0.927436418532899
    - 0.2066553701908884
    q_f: [-1, 1, -1, 7]
    swath:
    - [-1, 1, 0]
    - [-1, 0, -1]
    - [0, 0, -1]
    - [0, 0, 0]
    - [-1, 1, -1]
    - [-1, 0, 0]
    - [0, 1, 0]
    - [0, 1, -1]
  - cost: 0.2895064673055025
    params:
    - [-9.763731720234711, 22.650053609502883, -16.362396337799865, 3.018117652045397,
      4.923197673945005e-14, 1.0262416612764488e-13, -2.257289181172463e-13, -1.5297170940971054e-13]
    - [-20.20243197424854, 56.01112608850999, -54.43266539040421, 19.105339138014312,
      8.90369870865151e-14, 1.1007521296523335e-13, -6.823521970286161e-13, 6.557651119914588e-13]
    - [0.0, 0.0, 0.0, 0.0, 0.0, 0.0, 0.0, 0.0]
    - 0.7499999999999905
    - 0.90741137348183
    - 0.9901972616516845
    - 0.2895064673055025
    q_f: [-1, 2, 0, 8]
    swath:
    - [-1, 1, 0]
    - [0, 2, 0]
    - [0, 1, 0]
    - [0, 0, 0]
    - [-1, 2, 0]
  - cost: 0.27187482625660225
    params:
    - [10.510880661445078, -29.046507805567686, 28.59558175766426, -10.402799460975194,
      -1.66374497877304e-14, -2.43248233449611e-14, 9.253859850043001e-14, 1.9551642836533588e-14]
    - [-10.510880661445078, 29.046507805567686, -28.59558175766426, 10.402799460975194,
      1.66374497877304e-14, 2.43248233449611e-14, -9.253859850043001e-14, -1.9551642836533588e-14]
    - [-10.510880661445078, 29.046507805567686, -28.59558175766426, 10.402799460975194,
      1.66374497877304e-14, 2.43248233449611e-14, -9.253859850043001e-14, -1.9551642836533588e-14]
    - 0.6249999999999877
    - 0.6828203261671887
    - 0.927436418532899
    - 0.27187482625660225
    q_f: [-1, 1, 1, 9]
    swath:
    - [-1, 1, 0]
    - [0, 1, 1]
    - [-1, 1, 1]
    - [0, 0, 1]
    - [-1, 0, 1]
    - [0, 0, 0]
    - [-1, 0, 0]
    - [0, 1, 0]
  - cost: 0.17586643855177414
    params:
    - [0.0, 0.0, 0.0, 0.0, 0.0, 0.0, 0.0, 0.0]
    - [1.2641385982437754, -15.045381786518854, 22.86919923864171, -10.326205498408708,
      1.4802601884059163e-15, 1.4275665253457116e-14, -7.381077033794955e-15, -1.1614837328633815e-15]
    - [1.2641385982437754, -15.045381786518854, 22.86919923864171, -10.326205498408708,
      1.4802601884059163e-15, 1.4275665253457116e-14, -7.381077033794955e-15, -1.1614837328633815e-15]
    - 0.5624999999999928
    - 0.5606854259977089
    - 0.9457193733148858
    - 0.17586643855177414
    q_f: [0, -1, -1, 10]
    swath:
    - [0, 0, -1]
    - [0, 0, 0]
    - [0, -1, 0]
    - [0, -1, -1]
  - cost: 0.2692813991076928
    params:
    - [0.0, 0.0, 0.0, 0.0, 0.0, 0.0, 0.0, 0.0]
    - [11.402076145075927, -33.87864862663881, 35.94959416829901, -14.128047309839681,
      -1.7213321312578594e-14, -1.4052258984389346e-13, 3.833004540834535e-13, 3.301087331503842e-14]
    - [0.0, 0.0, 0.0, 0.0, 0.0, 0.0, 0.0, 0.0]
    - 0.7031249999999869
    - 0.7937500000546049
    - 0.8849815911078474
    - 0.2692813991076928
    q_f: [0, -2, 0, 11]
    swath:
    - [0, 0, 0]
    - [0, -1, 0]
    - [0, -2, 0]
  - cost: 0.32682542188306885
    params:
    - [0.0, 0.0, 0.0, 0.0, 0.0, 0.0, 0.0, 0.0]
    - [-9.763731720234711, 22.650053609502883, -16.362396337799865, 3.018117652045397,
      4.923197673945005e-14, 1.0262416612764488e-13, -2.257289181172463e-13, -1.5297170940971054e-13]
    - [-20.20243197424854, 56.01112608850999, -54.43266539040421, 19.105339138014312,
      8.90369870865151e-14, 1.1007521296523335e-13, -6.823521970286161e-13, 6.557651119914588e-13]
    - 0.7499999999999905
    - 0.90741137348183
    - 0.9901972616516845
    - 0.32682542188306885
    q_f: [0, -1, 2, 12]
    swath:
    - [0, 0, 0]
    - [0, 0, 1]
    - [0, 0, 2]
    - [0, -1, 1]
    - [0, -1, 2]
  - cost: 0.2091081164348936
    params:
    - [0.0, 0.0, 0.0, 0.0, 0.0, 0.0, 0.0, 0.0]
    - [0.0, 0.0, 0.0, 0.0, 0.0, 0.0, 0.0, 0.0]
    - [11.402076145075927, -33.87864862663881, 35.94959416829901, -14.128047309839681,
      -1.7213321312578594e-14, -1.4052258984389346e-13, 3.833004540834535e-13, 3.301087331503842e-14]
    - 0.7031249999999869
    - 0.7937500000546049
    - 0.8849815911078474
    - 0.2091081164348936
    q_f: [0, 0, -2, 13]
    swath:
    - [0, 0, -1]
    - [0, 0, 0]
    - [0, 0, -2]
  - cost: 0.3173471568609696
    params:
    - [0.0, 0.0, 0.0, 0.0, 0.0, 0.0, 0.0, 0.0]
    - [0.0, 0.0, 0.0, 0.0, 0.0, 0.0, 0.0, 0.0]
    - [-15.496856265035793, 43.80014236022082, -44.19227201312414, 16.505976367707397,
      5.0871081107088044e-15, -4.645096026581331e-14, 2.453440213277932e-13, -2.236931633662809e-15]
    - 0.6874999999999871
    - 0.7849999937300369
    - 0.9113956971320273
    - 0.3173471568609696
    q_f: [0, 0, 2, 14]
    swath:
    - [0, 0, 0]
    - [0, 0, 1]
    - [0, 0, 2]
  - cost: 0.24764547584346777
    params:
    - [0.0, 0.0, 0.0, 0.0, 0.0, 0.0, 0.0, 0.0]
    - [-20.20243197424854, 56.01112608850999, -54.43266539040421, 19.105339138014312,
      8.90369870865151e-14, 1.1007521296523335e-13, -6.823521970286161e-13, 6.557651119914588e-13]
    - [-9.763731720234711, 22.650053609502883, -16.362396337799865, 3.018117652045397,
      4.923197673945005e-14, 1.0262416612764488e-13, -2.257289181172463e-13, -1.5297170940971054e-13]
    - 0.7499999999999905
    - 0.90741137348183
    - 0.9901972616516845
    - 0.24764547584346777
    q_f: [0, 2, -1, 15]
    swath:
    - [0, 2, 0]
    - [0, 1, 0]
    - [0, 0, 0]
    - [0, 1, -1]
    - [0, 2, -1]
  - cost: 0.2636540140718248
    params:
    - [0.0, 0.0, 0.0, 0.0, 0.0, 0.0, 0.0, 0.0]
    - [-15.496856265035793, 43.80014236022082, -44.19227201312414, 16.505976367707397,
      5.0871081107088044e-15, -4.645096026581331e-14, 2.453440213277932e-13, -2.236931633662809e-15]
    - [0.0, 0.0, 0.0, 0.0, 0.0, 0.0, 0.0, 0.0]
    - 0.6874999999999871
    - 0.7849999937300369
    - 0.9113956971320273
    - 0.2636540140718248
    q_f: [0, 2, 0, 16]
    swath:
    - [0, 2, 0]
    - [0, 1, 0]
    - [0, 0, 0]
  - cost: 0.35004383919522514
    params:
    - [0.0, 0.0, 0.0, 0.0, 0.0, 0.0, 0.0, 0.0]
    - [-9.645755159509383, 29.42707066219056, -31.61193974561432, 12.349836200759995,
      1.401692834721913e-14, 2.3149111057859383e-13, -1.099537340854976e-12, 1.0663281026006482e-12]
    - [-9.645755159509383, 29.42707066219056, -31.61193974561432, 12.349836200759995,
      1.401692834721913e-14, 2.3149111057859383e-13, -1.099537340854976e-12, 1.0663281026006482e-12]
    - 0.8124999999999897
    - 1.1263708492645081
    - 0.9472303071389734
    - 0.35004383919522514
    q_f: [0, 2, 2, 17]
    swath:
    - [0, 1, 1]
    - [0, 1, 2]
    - [0, 0, 1]
    - [0, 2, 2]
    - [0, 0, 0]
    - [0, 1, 0]
    - [0, 2, 1]
  - cost: 0.20665537019088837
    params:
    - [-10.510880661445078, 29.046507805567686, -28.59558175766426, 10.402799460975194,
      1.66374497877304e-14, 2.43248233449611e-14, -9.253859850043001e-14, -1.9551642836533588e-14]
    - [10.510880661445078, -29.046507805567686, 28.59558175766426, -10.402799460975194,
      -1.66374497877304e-14, -2.43248233449611e-14, 9.253859850043001e-14, 1.9551642836533588e-14]
    - [10.510880661445078, -29.046507805567686, 28.59558175766426, -10.402799460975194,
      -1.66374497877304e-14, -2.43248233449611e-14, 9.253859850043001e-14, 1.9551642836533588e-14]
    - 0.6249999999999877
    - 0.6828203261671887
    - 0.927436418532899
    - 0.20665537019088837
    q_f: [1, -1, -1, 18]
    swath:
    - [0, 0, -1]
    - [1, -1, -1]
    - [1, 0, -1]
    - [0, -1, -1]
    - [1, 0, 0]
    - [0, 0, 0]
    - [1, -1, 0]
    - [0, -1, 0]
  - cost: 0.2895064753465412
    params:
    - [-20.20243197424854, 56.01112608850999, -54.43266539040421, 19.105339138014312,
      8.90369870865151e-14, 1.1007521296523335e-13, -6.823521970286161e-13, 6.557651119914588e-13]
    - [-9.763731720234711, 22.650053609502883, -16.362396337799865, 3.018117652045397,
      4.923197673945005e-14, 1.0262416612764488e-13, -2.257289181172463e-13, -1.5297170940971054e-13]
    - [0.0, 0.0, 0.0, 0.0, 0.0, 0.0, 0.0, 0.0]
    - 0.7499999999999905
    - 0.90741137348183
    - 0.9901972616516845
    - 0.2895064753465412
    q_f: [2, -1, 0, 19]
    swath:
    - [1, 0, 0]
    - [0, 0, 0]
    - [2, -1, 0]
    - [1, -1, 0]
    - [2, 0, 0]
  - cost: 0.27187482625660225
    params:
    - [-10.510880661445078, 29.046507805567686, -28.59558175766426, 10.402799460975194,
      1.66374497877304e-14, 2.43248233449611e-14, -9.253859850043001e-14, -1.9551642836533588e-14]
    - [10.510880661445078, -29.046507805567686, 28.59558175766426, -10.402799460975194,
      -1.66374497877304e-14, -2.43248233449611e-14, 9.253859850043001e-14, 1.9551642836533588e-14]
    - [-10.510880661445078, 29.046507805567686, -28.59558175766426, 10.402799460975194,
      1.66374497877304e-14, 2.43248233449611e-14, -9.253859850043001e-14, -1.9551642836533588e-14]
    - 0.6249999999999877
    - 0.6828203261671887
    - 0.927436418532899
    - 0.27187482625660225
    q_f: [1, -1, 1, 20]
    swath:
    - [1, 0, 0]
    - [0, 0, 1]
    - [1, -1, 0]
    - [1, 0, 1]
    - [0, 0, 0]
    - [1, -1, 1]
    - [0, -1, 1]
    - [0, -1, 0]
  - cost: 0.24764547584388316
    params:
    - [-20.20243197424854, 56.01112608850999, -54.43266539040421, 19.105339138014312,
      8.90369870865151e-14, 1.1007521296523335e-13, -6.823521970286161e-13, 6.557651119914588e-13]
    - [0.0, 0.0, 0.0, 0.0, 0.0, 0.0, 0.0, 0.0]
    - [-9.763731720234711, 22.650053609502883, -16.362396337799865, 3.018117652045397,
      4.923197673945005e-14, 1.0262416612764488e-13, -2.257289181172463e-13, -1.5297170940971054e-13]
    - 0.7499999999999905
    - 0.90741137348183
    - 0.9901972616516845
    - 0.24764547584388316
    q_f: [2, 0, -1, 21]
    swath:
    - [1, 0, 0]
    - [0, 0, 0]
    - [2, 0, 0]
    - [1, 0, -1]
    - [2, 0, -1]
  - cost: 0.26365401407202743
    params:
    - [-15.496856265035793, 43.80014236022082, -44.19227201312414, 16.505976367707397,
      5.0871081107088044e-15, -4.645096026581331e-14, 2.453440213277932e-13, -2.236931633662809e-15]
    - [0.0, 0.0, 0.0, 0.0, 0.0, 0.0, 0.0, 0.0]
    - [0.0, 0.0, 0.0, 0.0, 0.0, 0.0, 0.0, 0.0]
    - 0.6874999999999871
    - 0.7849999937300369
    - 0.9113956971320273
    - 0.26365401407202743
    q_f: [2, 0, 0, 22]
    swath:
    - [1, 0, 0]
    - [0, 0, 0]
    - [2, 0, 0]
  - cost: 0.3500438391953386
    params:
    - [-9.645755159509383, 29.42707066219056, -31.61193974561432, 12.349836200759995,
      1.401692834721913e-14, 2.3149111057859383e-13, -1.099537340854976e-12, 1.0663281026006482e-12]
    - [0.0, 0.0, 0.0, 0.0, 0.0, 0.0, 0.0, 0.0]
    - [-9.645755159509383, 29.42707066219056, -31.61193974561432, 12.349836200759995,
      1.401692834721913e-14, 2.3149111057859383e-13, -1.099537340854976e-12, 1.0663281026006482e-12]
    - 0.8124999999999897
    - 1.1263708492645081
    - 0.9472303071389734
    - 0.3500438391953386
    q_f: [2, 0, 2, 23]
    swath:
    - [1, 0, 0]
    - [2, 0, 2]
    - [0, 0, 1]
    - [1, 0, 1]
    - [0, 0, 0]
    - [2, 0, 1]
    - [1, 0, 2]
  - cost: 0.20665537019088798
    params:
    - [-10.510880661445078, 29.046507805567686, -28.59558175766426, 10.402799460975194,
      1.66374497877304e-14, 2.43248233449611e-14, -9.253859850043001e-14, -1.9551642836533588e-14]
    - [-10.510880661445078, 29.046507805567686, -28.59558175766426, 10.402799460975194,
      1.66374497877304e-14, 2.43248233449611e-14, -9.253859850043001e-14, -1.9551642836533588e-14]
    - [10.510880661445078, -29.046507805567686, 28.59558175766426, -10.402799460975194,
      -1.66374497877304e-14, -2.43248233449611e-14, 9.253859850043001e-14, 1.9551642836533588e-14]
    - 0.6249999999999877
    - 0.6828203261671887
    - 0.927436418532899
    - 0.20665537019088798
    q_f: [1, 1, -1, 24]
    swath:
    - [1, 1, 0]
    - [1, 1, -1]
    - [1, 0, 0]
    - [1, 0, -1]
    - [0, 0, -1]
    - [0, 0, 0]
    - [0, 1, 0]
    - [0, 1, -1]
  - cost: 0.31216170261483134
    params:
    - [-9.645755159509383, 29.42707066219056, -31.61193974561432, 12.349836200759995,
      1.401692834721913e-14, 2.3149111057859383e-13, -1.099537340854976e-12, 1.0663281026006482e-12]
    - [-9.645755159509383, 29.42707066219056, -31.61193974561432, 12.349836200759995,
      1.401692834721913e-14, 2.3149111057859383e-13, -1.099537340854976e-12, 1.0663281026006482e-12]
    - [0.0, 0.0, 0.0, 0.0, 0.0, 0.0, 0.0, 0.0]
    - 0.8124999999999897
    - 1.1263708492645081
    - 0.9472303071389734
    - 0.31216170261483134
    q_f: [2, 2, 0, 25]
    swath:
    - [1, 1, 0]
    - [2, 1, 0]
    - [1, 0, 0]
    - [2, 2, 0]
    - [0, 0, 0]
    - [0, 1, 0]
    - [1, 2, 0]
  - cost: 0.27187482625660137
    params:
    - [-10.510880661445068, 29.04650780556765, -28.595581757664227, 10.40279946097518,
      1.0674100876470069e-14, 3.5920836624672244e-14, -1.5084704826551989e-13, 6.889319252521131e-14]
    - [-10.510880661445068, 29.04650780556765, -28.595581757664227, 10.40279946097518,
      1.0674100876470069e-14, 3.5920836624672244e-14, -1.5084704826551989e-13, 6.889319252521131e-14]
    - [-10.510880661445068, 29.04650780556765, -28.595581757664227, 10.40279946097518,
      1.0674100876470069e-14, 3.5920836624672244e-14, -1.5084704826551989e-13, 6.889319252521131e-14]
    - 0.6249999999999878
    - 0.6828203261670713
    - 0.9274364185328894
    - 0.27187482625660137
    q_f: [1, 1, 1, 26]
    swath:
    - [1, 1, 0]
    - [0, 1, 1]
    - [1, 0, 0]
    - [0, 0, 1]
    - [1, 0, 1]
    - [0, 0, 0]
    - [1, 1, 1]
    - [0, 1, 0]
  1,:
  - cost: 0.27187482625623866
    params:
    - [10.51088066145845, -16.938595088279662, 5.893245412716974, 1.4213340520235729,
      -9.291268664328642e-15, -1.279841067605159e-13, -0.577350269189457, 9.78227410567159e-14]
    - [10.51088066145845, -16.938595088279662, 5.893245412716974, 1.4213340520235729,
      -9.291268664328642e-15, -1.279841067605159e-13, -0.577350269189457, 9.78227410567159e-14]
    - [10.51088066145845, -16.938595088279662, 5.893245412716974, 1.4213340520235729,
      -9.291268664328642e-15, -1.279841067605159e-13, -0.577350269189457, 9.78227410567159e-14]
    - 0.6249999999999819
    - 0.6928203008123123
    - 0.927436418533026
    - 0.27187482625623866
    q_f: [-1, -1, -1, 0]
    swath:
    - [-1, 0, -1]
    - [0, -1, -1]
    - [0, 0, -1]
    - [0, 0, 0]
    - [-1, -1, -1]
    - [-1, 0, 0]
    - [-1, -1, 0]
    - [0, -1, 0]
  - cost: 0.12370097600484765
    params:
    - [444.61554695988735, -513.5309567386392, 203.3582588684821, -27.96176059441148,
      -5.802694172433352e-14, -4.787898592862711e-14, -0.5773502691895603, -1.1270694000377999e-14]
    - [444.61554695988735, -513.5309567386392, 203.3582588684821, -27.96176059441148,
      -5.802694172433352e-14, -4.787898592862711e-14, -0.5773502691895603, -1.1270694000377999e-14]
    - [444.61554695988735, -513.5309567386392, 203.3582588684821, -27.96176059441148,
      -5.802694172433352e-14, -4.787898592862711e-14, -0.5773502691895603, -1.1270694000377999e-14]
    - 0.32999999999999996
    - 0.33640971154268984
    - 1.106182294320743
    - 0.12370097600484765
    q_f: [-1, -1, -1, 1]
    swath:
    - [-1, 0, -1]
    - [0, -1, -1]
    - [0, 0, -1]
    - [0, 0, 0]
    - [-1, -1, -1]
    - [-1, 0, 0]
    - [-1, -1, 0]
    - [0, -1, 0]
  - cost: 0.24776289690955802
    params:
    - [36.983095881995894, -75.71139918757558, 53.84489054425357, -13.627465874078469,
      -5.983319040994732e-14, -1.3571887644862896e-13, -0.5773502691891965, -4.559899099389572e-14]
    - [36.983095881995894, -75.71139918757558, 53.84489054425357, -13.627465874078469,
      -5.983319040994732e-14, -1.3571887644862896e-13, -0.5773502691891965, -4.559899099389572e-14]
    - [37.8223128888261, -65.41376795982454, 34.59392153393881, -4.247126646619549,
      -1.0426928331678302e-15, -1.121794839859352e-13, -0.5773502691894649, -1.4428209037125118e-13]
    - 0.5679477122393959
    - 0.6066902616766371
    - 1.010574174805409
    - 0.24776289690955802
    q_f: [-2, -2, -1, 2]
    swath:
    - [-1, 0, -1]
    - [-2, -2, -1]
    - [-1, -1, 0]
    - [-2, -1, -1]
    - [0, 0, -1]
    - [0, 0, 0]
    - [-1, -2, -1]
    - [-1, 0, 0]
    - [0, -1, -1]
    - [-1, -1, -1]
    - [0, -1, 0]
  - cost: 0.3769557060598335
    params:
    - [11.287972717333693, -32.076420896741965, 31.251369778938887, -10.572062551412733,
      -6.393698237025655e-14, 8.639796375548793e-14, -0.5773502691901249, 1.828949718015538e-12]
    - [11.287972717333693, -32.076420896741965, 31.251369778938887, -10.572062551412733,
      -6.393698237025655e-14, 8.639796375548793e-14, -0.5773502691901249, 1.828949718015538e-12]
    - [2.468201873104481e-12, 3.2731041731380057, -7.972288208926581, 5.393909465018929,
      -3.598983469855342e-15, 5.8883034343407285e-15, -0.5773502691896534, -9.377905694971006e-15]
    - 0.8118988160478768
    - 0.9242215752569019
    - 0.9778785388088601
    - 0.3769557060598335
    q_f: [-3, -3, 0, 3]
    swath:
    - [0, -1, -1]
    - [0, -1, 0]
    - [-3, -3, -1]
    - [-2, -3, 0]
    - [-3, -2, -1]
    - [-1, 0, 0]
    - [-1, 0, -1]
    - [-1, -2, -1]
    - [-3, -2, 0]
    - [-2, -1, 0]
    - [-2, -2, 0]
    - [0, 0, -1]
    - [-2, -3, -1]
    - [0, 0, 0]
    - [-2, -2, -1]
    - [-1, -2, 0]
    - [-3, -3, 0]
    - [-1, -1, 0]
    - [-2, -1, -1]
    - [-1, -1, -1]
  - cost: 0.2086170997394775
    params:
    - [36.98309588199574, -75.7113991875753, 53.84489054425341, -13.627465874078476,
      -4.523549074559767e-14, -2.408559509109784e-13, -0.5773502691889169, 9.21873940565269e-14]
    - [37.822312888826126, -65.41376795982457, 34.5939215339388, -4.24712664661953,
      2.3947178735087818e-14, -2.885169822930403e-13, -0.5773502691890662, -1.4651902200491396e-13]
    - [36.98309588199574, -75.7113991875753, 53.84489054425341, -13.627465874078476,
      -4.523549074559767e-14, -2.408559509109784e-13, -0.5773502691889169, 9.21873940565269e-14]
    - 0.567947712239396
    - 0.6066902616764177
    - 1.010574174805419
    - 0.2086170997394775
    q_f: [-2, -1, -2, 4]
    swath:
    - [-1, 0, -1]
    - [-2, -1, -2]
    - [0, -1, -1]
    - [-2, -1, -1]
    - [0, 0, -1]
    - [0, 0, 0]
    - [-1, -1, -1]
    - [-1, 0, 0]
    - [-1, -1, 0]
    - [-1, -1, -2]
    - [0, -1, 0]
  - cost: 0.2809449634468249
    params:
    - [38.21794136875234, -90.21515239662334, 74.34010830954016, -21.97953827800388,
      -1.220477291273222e-13, 1.9427583085624173e-13, -0.5773502691896639, -1.4350776788267557e-13]
    - [5.673803152968581, -7.7236147827293, 0.04095995773513595, 2.6603484676931703,
      -1.5479137952854505e-14, -1.0272350607071606e-15, -0.5773502691894741, -1.984846645715423e-13]
    - [5.673803152968581, -7.7236147827293, 0.04095995773513595, 2.6603484676931703,
      -1.5479137952854505e-14, -1.0272350607071606e-15, -0.5773502691894741, -1.984846645715423e-13]
    - 0.6464543110044906
    - 0.6959668783308608
    - 1.0065704752760876
    - 0.2809449634468249
    q_f: [-3, -1, -1, 5]
    swath:
    - [-3, -1, -1]
    - [-1, 0, -1]
    - [-2, -1, -1]
    - [-1, -1, 0]
    - [0, 0, -1]
    - [0, 0, 0]
    - [0, -1, 0]
    - [-1, 0, 0]
    - [0, -1, -1]
    - [-1, -1, -1]
  - cost: 0.47978228773965903
    params:
    - [-3.723833009051997, 13.727364519503908, -17.287539976367672, 7.504157008503514,
      2.0557678077834385e-14, -6.016346898998333e-14, -0.5773502691886383, -2.925906576830954e-12]
    - [-1.406255776526734, 5.650546961226529, -8.013092515500189, 4.146132317159006,
      1.6523517240237292e-14, 1.8413137800554885e-13, -0.5773502691895652, -1.7053162273396358e-12]
    - [-1.737338238315745, 7.406376865200342, -11.253562110265596, 6.318971823329281,
      3.625675371832465e-14, -4.125903859117514e-14, -0.5773502691893077, -6.851893665573311e-13]
    - 1.060660171779815
    - 0.7406780088479501
    - 0.9018129928397148
    - 0.47978228773965903
    q_f: [-2, -1, 1, 6]
    swath:
    - [0, 0, -1]
    - [-2, -1, 1]
    - [-1, 0, -1]
    - [-1, -1, 0]
    - [-1, -1, 1]
    - [0, 0, 0]
    - [0, -1, 0]
    - [-2, -1, 0]
    - [-1, 0, 0]
    - [0, -1, -1]
    - [-1, -1, -1]
  - cost: 0.3136377321222547
    params:
    - [11.287972717333693, -32.076420896741965, 31.251369778938887, -10.572062551412733,
      -6.393698237025655e-14, 8.639796375548793e-14, -0.5773502691901249, 1.828949718015538e-12]
    - [2.468201873104481e-12, 3.2731041731380057, -7.972288208926581, 5.393909465018929,
      -3.598983469855342e-15, 5.8883034343407285e-15, -0.5773502691896534, -9.377905694971006e-15]
    - [11.287972717333693, -32.076420896741965, 31.251369778938887, -10.572062551412733,
      -6.393698237025655e-14, 8.639796375548793e-14, -0.5773502691901249, 1.828949718015538e-12]
    - 0.8118988160478768
    - 0.9242215752569019
    - 0.9778785388088601
    - 0.3136377321222547
    q_f: [-3, 0, -3, 7]
    swath:
    - [0, -1, 0]
    - [-2, 0, -2]
    - [-3, -1, -2]
    - [-3, 0, -3]
    - [-3, -1, -3]
    - [-1, 0, -1]
    - [-1, -1, -2]
    - [0, -1, -1]
    - [0, 0, -1]
    - [-3, 0, -2]
    - [0, 0, 0]
    - [-2, 0, -1]
    - [-1, -1, -1]
    - [-2, 0, -3]
    - [-1, 0, 0]
    - [-1, 0, -2]
    - [-1, -1, 0]
    - [-2, -1, -3]
    - [-2, -1, -1]
    - [-2, -1, -2]
  - cost: 0.4421486296925358
    params:
    - [-3.723833009051997, 13.727364519503908, -17.287539976367672, 7.504157008503514,
      2.0557678077834385e-14, -6.016346898998333e-14, -0.5773502691886383, -2.925906576830954e-12]
    - [-1.737338238315745, 7.406376865200342, -11.253562110265596, 6.318971823329281,
      3.625675371832465e-14, -4.125903859117514e-14, -0.5773502691893077, -6.851893665573311e-13]
    - [-1.406255776526734, 5.650546961226529, -8.013092515500189, 4.146132317159006,
      1.6523517240237292e-14, 1.8413137800554885e-13, -0.5773502691895652, -1.7053162273396358e-12]
    - 1.060660171779815
    - 0.74067800884795
    - 0.9018129928397148
    - 0.4421486296925358
    q_f: [-2, 1, -1, 8]
    swath:
    - [-2, 0, -1]
    - [-1, 1, -1]
    - [-1, 0, -1]
    - [0, -1, -1]
    - [0, 0, -1]
    - [0, 0, 0]
    - [-1, -1, -1]
    - [-2, 1, -1]
    - [-1, 0, 0]
    - [-1, -1, 0]
    - [0, -1, 0]
  - cost: 0.5732777499925774
    params:
    - [-1.0113356366913147, 4.696465009194706, -7.477562863784635, 4.133867638300148,
      4.23794828955132e-14, 1.1430660210984126e-13, -0.5773502691901695, 1.748248107539549e-13]
    - [-0.5525935873998092, 2.8469692477605437, -5.203527446657972, 3.49465251625094,
      2.852559558848901e-14, 4.125198262808494e-14, -0.5773502691898789, -1.0406894246455898e-12]
    - [-0.5525935873998092, 2.8469692477605437, -5.203527446657972, 3.49465251625094,
      2.852559558848901e-14, 4.125198262808494e-14, -0.5773502691898789, -1.0406894246455898e-12]
    - 1.3268069440074988
    - 0.9390621091320659
    - 0.8145168264317223
    - 0.5732777499925774
    q_f: [-2, 1, 1, 9]
    swath:
    - [-1, 1, 0]
    - [-2, 1, 0]
    - [-1, 0, -1]
    - [-1, 1, 1]
    - [-2, 1, 1]
    - [-2, 0, 1]
    - [-1, -1, 0]
    - [0, 0, -1]
    - [-1, 0, 1]
    - [0, 0, 0]
    - [-1, -1, -1]
    - [-2, 0, 0]
    - [-1, 0, 0]
    - [0, -1, -1]
    - [0, -1, 0]
  - cost: 0.20861709900567393
    params:
    - [37.822312888826126, -65.41376795982457, 34.5939215339388, -4.24712664661953,
      2.3947178735087818e-14, -2.885169822930403e-13, -0.5773502691890662, -1.4651902200491396e-13]
    - [36.98309588199574, -75.7113991875753, 53.84489054425341, -13.627465874078476,
      -4.523549074559767e-14, -2.408559509109784e-13, -0.5773502691889169, 9.21873940565269e-14]
    - [36.98309588199574, -75.7113991875753, 53.84489054425341, -13.627465874078476,
      -4.523549074559767e-14, -2.408559509109784e-13, -0.5773502691889169, 9.21873940565269e-14]
    - 0.567947712239396
    - 0.6066902616764177
    - 1.010574174805419
    - 0.20861709900567393
    q_f: [-1, -2, -2, 10]
    swath:
    - [-1, 0, -1]
    - [-1, -2, -2]
    - [0, -1, -1]
    - [-1, -1, -2]
    - [0, 0, -1]
    - [0, 0, 0]
    - [-1, -2, -1]
    - [-1, 0, 0]
    - [-1, -1, 0]
    - [-1, -1, -1]
    - [0, -1, 0]
  - cost: 0.28094496089345944
    params:
    - [5.673803152968581, -7.7236147827293, 0.04095995773513595, 2.6603484676931703,
      -1.5479137952854505e-14, -1.0272350607071606e-15, -0.5773502691894741, -1.984846645715423e-13]
    - [38.21794136875234, -90.21515239662334, 74.34010830954016, -21.97953827800388,
      -1.220477291273222e-13, 1.9427583085624173e-13, -0.5773502691896639, -1.4350776788267557e-13]
    - [5.673803152968581, -7.7236147827293, 0.04095995773513595, 2.6603484676931703,
      -1.5479137952854505e-14, -1.0272350607071606e-15, -0.5773502691894741, -1.984846645715423e-13]
    - 0.6464543110044906
    - 0.6959668783308608
    - 1.0065704752760876
    - 0.28094496089345944
    q_f: [-1, -3, -1, 11]
    swath:
    - [-1, 0, -1]
    - [-1, -1, -1]
    - [0, -1, -1]
    - [0, 0, -1]
    - [-1, -3, -1]
    - [0, 0, 0]
    - [-1, -2, -1]
    - [-1, 0, 0]
    - [-1, -1, 0]
    - [0, -1, 0]
  - cost: 0.47978228749584634
    params:
    - [-1.406255776526734, 5.650546961226529, -8.013092515500189, 4.146132317159006,
      1.6523517240237292e-14, 1.8413137800554885e-13, -0.5773502691895652, -1.7053162273396358e-12]
    - [-3.723833009051997, 13.727364519503908, -17.287539976367672, 7.504157008503514,
      2.0557678077834385e-14, -6.016346898998333e-14, -0.5773502691886383, -2.925906576830954e-12]
    - [-1.737338238315745, 7.406376865200342, -11.253562110265596, 6.318971823329281,
      3.625675371832465e-14, -4.125903859117514e-14, -0.5773502691893077, -6.851893665573311e-13]
    - 1.060660171779815
    - 0.7406780088479501
    - 0.9018129928397148
    - 0.47978228749584634
    q_f: [-1, -2, 1, 12]
    swath:
    - [0, -1, -1]
    - [0, 0, -1]
    - [-1, -2, 1]
    - [-1, 0, -1]
    - [-1, -1, 0]
    - [-1, -1, 1]
    - [0, 0, 0]
    - [-1, -1, -1]
    - [-1, 0, 0]
    - [-1, -2, 0]
    - [0, -1, 0]
  - cost: 0.22377283130775613
    params:
    - [5.673803152968581, -7.7236147827293, 0.04095995773513595, 2.6603484676931703,
      -1.5479137952854505e-14, -1.0272350607071606e-15, -0.5773502691894741, -1.984846645715423e-13]
    - [5.673803152968581, -7.7236147827293, 0.04095995773513595, 2.6603484676931703,
      -1.5479137952854505e-14, -1.0272350607071606e-15, -0.5773502691894741, -1.984846645715423e-13]
    - [38.21794136875234, -90.21515239662334, 74.34010830954016, -21.97953827800388,
      -1.220477291273222e-13, 1.9427583085624173e-13, -0.5773502691896639, -1.4350776788267557e-13]
    - 0.6464543110044906
    - 0.6959668783308608
    - 1.0065704752760876
    - 0.22377283130775613
    q_f: [-1, -1, -3, 13]
    swath:
    - [-1, 0, -1]
    - [-1, -1, -2]
    - [0, -1, -1]
    - [0, 0, -1]
    - [0, 0, 0]
    - [0, -1, 0]
    - [-1, 0, 0]
    - [-1, -1, 0]
    - [-1, -1, -3]
    - [-1, -1, -1]
  - cost: 0.5547603050383775
    params:
    - [-0.7534286314904727, 3.4327023746509315, -5.497431017884923, 3.193414453084565,
      8.826615945912775e-15, 1.0933009954371927e-13, -0.5773502691903264, -2.2558595167168788e-13]
    - [-0.7534286314904727, 3.4327023746509315, -5.497431017884923, 3.193414453084565,
      8.826615945912775e-15, 1.0933009954371927e-13, -0.5773502691903264, -2.2558595167168788e-13]
    - [-0.701302995362482, 3.5782583774470025, -6.520307927910559, 4.400368723544605,
      1.5726343862428582e-14, -1.1110548408754969e-13, -0.5773502691887915, -1.5141876264095617e-12]
    - 1.221101521718524
    - 0.9234597260080547
    - 0.7822662945123675
    - 0.5547603050383775
    q_f: [-1, -1, 2, 14]
    swath:
    - [-1, -1, 2]
    - [-1, -1, 1]
    - [-1, 0, -1]
    - [-1, -1, 0]
    - [0, 0, -1]
    - [0, 0, 0]
    - [0, -1, 0]
    - [-1, 0, 0]
    - [0, -1, -1]
    - [-1, -1, -1]
  - cost: 0.40051813139273773
    params:
    - [-1.406255776526734, 5.650546961226529, -8.013092515500189, 4.146132317159006,
      1.6523517240237292e-14, 1.8413137800554885e-13, -0.5773502691895652, -1.7053162273396358e-12]
    - [-1.737338238315745, 7.406376865200342, -11.253562110265596, 6.318971823329281,
      3.625675371832465e-14, -4.125903859117514e-14, -0.5773502691893077, -6.851893665573311e-13]
    - [-3.723833009051997, 13.727364519503908, -17.287539976367672, 7.504157008503514,
      2.0557678077834385e-14, -6.016346898998333e-14, -0.5773502691886383, -2.925906576830954e-12]
    - 1.060660171779815
    - 0.7406780088479501
    - 0.9018129928397148
    - 0.40051813139273773
    q_f: [-1, 1, -2, 15]
    swath:
    - [-1, 0, -2]
    - [-1, 1, -1]
    - [-1, 0, -1]
    - [-1, -1, 0]
    - [0, 0, -1]
    - [0, 0, 0]
    - [-1, -1, -1]
    - [-1, 1, -2]
    - [-1, 0, 0]
    - [0, -1, -1]
    - [0, -1, 0]
  - cost: 0.5011482164131451
    params:
    - [-0.7534286314904727, 3.4327023746509315, -5.497431017884923, 3.193414453084565,
      8.826615945912775e-15, 1.0933009954371927e-13, -0.5773502691903264, -2.2558595167168788e-13]
    - [-0.701302995362482, 3.5782583774470025, -6.520307927910559, 4.400368723544605,
      1.5726343862428582e-14, -1.1110548408754969e-13, -0.5773502691887915, -1.5141876264095617e-12]
    - [-0.7534286314904727, 3.4327023746509315, -5.497431017884923, 3.193414453084565,
      8.826615945912775e-15, 1.0933009954371927e-13, -0.5773502691903264, -2.2558595167168788e-13]
    - 1.221101521718524
    - 0.9234597260080547
    - 0.7822662945123676
    - 0.5011482164131451
    q_f: [-1, 2, -1, 16]
    swath:
    - [-1, 0, -1]
    - [0, -1, -1]
    - [0, 0, -1]
    - [0, 0, 0]
    - [-1, -1, -1]
    - [-1, 1, -1]
    - [-1, 0, 0]
    - [-1, 2, -1]
    - [-1, -1, 0]
    - [0, -1, 0]
  - cost: 0.5729460354207633
    params:
    - [-0.5374026099138983, 2.614171573206608, -4.463188454684675, 2.7576332920507403,
      3.240608437677806e-14, -3.554129936464552e-14, -0.5773502691896458, -7.130649761460523e-13]
    - [-0.34660105253436957, 1.9220808481056737, -3.806542609946664, 2.791911486215319,
      1.5139063169381995e-15, 1.1708212334660483e-14, -0.5773502691892398, -1.6333149903811142e-12]
    - [-0.34660105253436957, 1.9220808481056737, -3.806542609946664, 2.791911486215319,
      1.5139063169381995e-15, 1.1708212334660483e-14, -0.5773502691892398, -1.6333149903811142e-12]
    - 1.3104033440732008
    - 0.9477401558576016
    - 0.735344776707913
    - 0.5729460354207633
    q_f: [-1, 1, 1, 17]
    swath:
    - [-1, 1, 0]
    - [-1, 1, 1]
    - [-1, 0, -1]
    - [-1, -1, 0]
    - [0, 0, -1]
    - [-1, 0, 1]
    - [0, 0, 0]
    - [0, -1, 0]
    - [-1, 0, 0]
    - [0, -1, -1]
    - [-1, -1, -1]
  - cost: 0.3136377263811001
    params:
    - [2.468201873104481e-12, 3.2731041731380057, -7.972288208926581, 5.393909465018929,
      -3.598983469855342e-15, 5.8883034343407285e-15, -0.5773502691896534, -9.377905694971006e-15]
    - [11.287972717333693, -32.076420896741965, 31.251369778938887, -10.572062551412733,
      -6.393698237025655e-14, 8.639796375548793e-14, -0.5773502691901249, 1.828949718015538e-12]
    - [11.287972717333693, -32.076420896741965, 31.251369778938887, -10.572062551412733,
      -6.393698237025655e-14, 8.639796375548793e-14, -0.5773502691901249, 1.828949718015538e-12]
    - 0.8118988160478768
    - 0.9242215752569019
    - 0.9778785388088601
    - 0.3136377263811001
    q_f: [0, -3, -3, 18]
    swath:
    - [0, -3, -3]
    - [0, -1, 0]
    - [0, -2, -1]
    - [-1, -3, -3]
    - [0, -3, -2]
    - [-1, 0, -1]
    - [-1, -2, -1]
    - [-1, -1, 0]
    - [0, -2, -2]
    - [0, 0, -1]
    - [-1, -3, -2]
    - [0, 0, 0]
    - [-1, -2, -2]
    - [-1, 0, 0]
    - [0, -1, -2]
    - [0, -2, -3]
    - [0, -1, -1]
    - [-1, -2, -3]
    - [-1, -1, -2]
    - [-1, -1, -1]
  - cost: 0.4421486272320613
    params:
    - [-1.737338238315745, 7.406376865200342, -11.253562110265596, 6.318971823329281,
      3.625675371832465e-14, -4.125903859117514e-14, -0.5773502691893077, -6.851893665573311e-13]
    - [-3.723833009051997, 13.727364519503908, -17.287539976367672, 7.504157008503514,
      2.0557678077834385e-14, -6.016346898998333e-14, -0.5773502691886383, -2.925906576830954e-12]
    - [-1.406255776526734, 5.650546961226529, -8.013092515500189, 4.146132317159006,
      1.6523517240237292e-14, 1.8413137800554885e-13, -0.5773502691895652, -1.7053162273396358e-12]
    - 1.060660171779815
    - 0.74067800884795
    - 0.9018129928397148
    - 0.4421486272320613
    q_f: [1, -2, -1, 19]
    swath:
    - [1, -1, -1]
    - [1, -2, -1]
    - [-1, 0, -1]
    - [0, -1, -1]
    - [0, 0, -1]
    - [0, 0, 0]
    - [-1, -1, -1]
    - [-1, -1, 0]
    - [-1, 0, 0]
    - [0, -2, -1]
    - [0, -1, 0]
  - cost: 0.5732777497676469
    params:
    - [-0.5525935873998092, 2.8469692477605437, -5.203527446657972, 3.49465251625094,
      2.852559558848901e-14, 4.125198262808494e-14, -0.5773502691898789, -1.0406894246455898e-12]
    - [-1.0113356366913147, 4.696465009194706, -7.477562863784635, 4.133867638300148,
      4.23794828955132e-14, 1.1430660210984126e-13, -0.5773502691901695, 1.748248107539549e-13]
    - [-0.5525935873998092, 2.8469692477605437, -5.203527446657972, 3.49465251625094,
      2.852559558848901e-14, 4.125198262808494e-14, -0.5773502691898789, -1.0406894246455898e-12]
    - 1.3268069440074988
    - 0.9390621091320659
    - 0.8145168264317223
    - 0.5732777497676469
    q_f: [1, -2, 1, 20]
    swath:
    - [0, -1, 0]
    - [1, -2, 1]
    - [0, -1, 1]
    - [-1, 0, -1]
    - [-1, -1, -1]
    - [1, -2, 0]
    - [1, -1, 0]
    - [0, -1, -1]
    - [0, 0, -1]
    - [0, 0, 0]
    - [0, -2, 0]
    - [0, -2, 1]
    - [-1, 0, 0]
    - [-1, -1, 0]
    - [1, -1, 1]
  - cost: 0.40051813117244117
    params:
    - [-1.737338238315745, 7.406376865200342, -11.253562110265596, 6.318971823329281,
      3.625675371832465e-14, -4.125903859117514e-14, -0.5773502691893077, -6.851893665573311e-13]
    - [-1.406255776526734, 5.650546961226529, -8.013092515500189, 4.146132317159006,
      1.6523517240237292e-14, 1.8413137800554885e-13, -0.5773502691895652, -1.7053162273396358e-12]
    - [-3.723833009051997, 13.727364519503908, -17.287539976367672, 7.504157008503514,
      2.0557678077834385e-14, -6.016346898998333e-14, -0.5773502691886383, -2.925906576830954e-12]
    - 1.060660171779815
    - 0.7406780088479501
    - 0.9018129928397148
    - 0.40051813117244117
    q_f: [1, -1, -2, 21]
    swath:
    - [0, 0, -1]
    - [1, -1, -2]
    - [-1, 0, -1]
    - [0, -1, -1]
    - [1, -1, -1]
    - [0, 0, 0]
    - [0, -1, 0]
    - [-1, -1, 0]
    - [-1, 0, 0]
    - [0, -1, -2]
    - [-1, -1, -1]
  - cost: 0.501148216324652
    params:
    - [-0.701302995362482, 3.5782583774470025, -6.520307927910559, 4.400368723544605,
      1.5726343862428582e-14, -1.1110548408754969e-13, -0.5773502691887915, -1.5141876264095617e-12]
    - [-0.7534286314904727, 3.4327023746509315, -5.497431017884923, 3.193414453084565,
      8.826615945912775e-15, 1.0933009954371927e-13, -0.5773502691903264, -2.2558595167168788e-13]
    - [-0.7534286314904727, 3.4327023746509315, -5.497431017884923, 3.193414453084565,
