NUM_DOF: 4
orient_discret: reg
position_dim: 3
position_discret: sq
prim:
  0,:
  - cost: 0.03734462020050556
    params:
    - [0.0, 0.0, 0.0, 0.0, 0.0, 0.0, 0.0, 0.0]
    - [0.0, 0.0, 0.0, 0.0, 0.0, 0.0, 0.0, 0.0]
    - [0.0, 0.0, 0.0, 0.0, 0.0, 0.0, 0.0, 0.0]
    - 0.1
    - 0.0
    - 0.0
    - 0.03734462020050556
    q_f: [0, 0, 0, 0]
    swath:
    - [0, 0, 0]
  - cost: 0.35726004902184394
    params:
    - [6.577161596965714, -21.441367582826626, 23.965122533829426, -9.300672193646648,
      -1.552679889158626e-15, 4.753272272501529e-13, -9.725207642141794e-13, 1.7374422086787977e-12]
    - [6.577161596965714, -21.441367582826626, 23.965122533829426, -9.300672193646648,
      -1.552679889158626e-15, 4.753272272501529e-13, -9.725207642141794e-13, 1.7374422086787977e-12]
    - [6.577161596965714, -21.441367582826626, 23.965122533829426, -9.300672193646648,
      -1.552679889158626e-15, 4.753272272501529e-13, -9.725207642141794e-13, 1.7374422086787977e-12]
    - 0.9314207859041533
    - 3.4641016145141466
    - 0.9897939021332199
    - 0.35726004902184394
    q_f: [-1, -1, -1, 0]
    swath:
    - [-1, 0, -1]
    - [0, -1, -1]
    - [0, 0, -1]
    - [0, 0, 0]
    - [-1, -1, -1]
    - [-1, 0, 0]
    - [-1, -1, 0]
    - [0, -1, 0]
  - cost: 0.32431902774020044
    params:
    - [13.372056893438804, -39.390307474032994, 39.78265171738752, -13.951008290469927,
      -2.1045069882126645e-15, 5.821545838074083e-13, -1.0762711462889708e-12, 1.7374422086787977e-12]
    - [13.372056893438804, -39.390307474032994, 39.78265171738752, -13.951008290469927,
      -2.1045069882126645e-15, 5.821545838074083e-13, -1.0762711462889708e-12, 1.7374422086787977e-12]
    - [0.0, 0.0, 0.0, 0.0, 0.0, 0.0, 0.0, 0.0]
    - 0.8416336883468499
    - 2.828427123372177
    - 1.020203785241409
    - 0.32431902774020044
    q_f: [-1, -1, 0, 0]
    swath:
    - [-1, 0, 0]
    - [0, 0, 0]
    - [0, -1, 0]
    - [-1, -1, 0]
  - cost: 0.357260049103153
    params:
    - [6.577161596965714, -21.441367582826626, 23.965122533829426, -9.300672193646648,
      -1.552679889158626e-15, 4.753272272501529e-13, -9.725207642141794e-13, 1.7374422086787977e-12]
    - [6.577161596965714, -21.441367582826626, 23.965122533829426, -9.300672193646648,
      -1.552679889158626e-15, 4.753272272501529e-13, -9.725207642141794e-13, 1.7374422086787977e-12]
    - [-6.577161596965714, 21.441367582826626, -23.965122533829426, 9.300672193646648,
      1.552679889158626e-15, -4.753272272501529e-13, 9.725207642141794e-13, -1.7374422086787977e-12]
    - 0.9314207859041533
    - 3.4641016145141466
    - 0.9897939021332199
    - 0.357260049103153
    q_f: [-1, -1, 1, 0]
    swath:
    - [-1, -1, 1]
    - [0, 0, 1]
    - [0, -1, 1]
    - [-1, -1, 0]
    - [-1, 0, 1]
    - [0, 0, 0]
    - [0, -1, 0]
    - [-1, 0, 0]
  - cost: 0.32196013832092896
    params:
    - [13.372056893438804, -39.390307474032994, 39.78265171738752, -13.951008290469927,
      -2.1045069882126645e-15, 5.821545838074083e-13, -1.0762711462889708e-12, 1.7374422086787977e-12]
    - [0.0, 0.0, 0.0, 0.0, 0.0, 0.0, 0.0, 0.0]
    - [13.372056893438804, -39.390307474032994, 39.78265171738752, -13.951008290469927,
      -2.1045069882126645e-15, 5.821545838074083e-13, -1.0762711462889708e-12, 1.7374422086787977e-12]
    - 0.8416336883468499
    - 2.828427123372177
    - 1.020203785241409
    - 0.32196013832092896
    q_f: [-1, 0, -1, 0]
    swath:
    - [0, 0, -1]
    - [-1, 0, -1]
    - [0, 0, 0]
    - [-1, 0, 0]
  - cost: 0.38556582387921523
    params:
    - [7.951072599949322, -27.853153527911928, 33.45308921843825, -13.951008290469943,
      -2.5026946839554503e-15, 8.232909078181019e-13, -1.810065097510804e-12, 3.4748844173575955e-12]
    - [0.0, 0.0, 0.0, 0.0, 0.0, 0.0, 0.0, 0.0]
    - [0.0, 0.0, 0.0, 0.0, 0.0, 0.0, 0.0, 0.0]
    - 1.0008767704080563
    - 3.999999999952893
    - 0.9682177466993963
    - 0.38556582387921523
    q_f: [-2, 0, 0, 0]
    swath:
    - [-1, 0, 0]
    - [0, 0, 0]
    - [-2, 0, 0]
  - cost: 0.321960138121749
    params:
    - [13.372056893438804, -39.390307474032994, 39.78265171738752, -13.951008290469927,
      -2.1045069882126645e-15, 5.821545838074083e-13, -1.0762711462889708e-12, 1.7374422086787977e-12]
    - [0.0, 0.0, 0.0, 0.0, 0.0, 0.0, 0.0, 0.0]
    - [-13.372056893438804, 39.390307474032994, -39.78265171738752, 13.951008290469927,
      2.1045069882126645e-15, -5.821545838074083e-13, 1.0762711462889708e-12, -1.7374422086787977e-12]
    - 0.8416336883468499
    - 2.828427123372177
    - 1.020203785241409
    - 0.321960138121749
    q_f: [-1, 0, 1, 0]
    swath:
    - [-1, 0, 0]
    - [-1, 0, 1]
    - [0, 0, 0]
    - [0, 0, 1]
  - cost: 0.35726004902184366
    params:
    - [6.577161596965714, -21.441367582826626, 23.965122533829426, -9.300672193646648,
      -1.552679889158626e-15, 4.753272272501529e-13, -9.725207642141794e-13, 1.7374422086787977e-12]
    - [-6.577161596965714, 21.441367582826626, -23.965122533829426, 9.300672193646648,
      1.552679889158626e-15, -4.753272272501529e-13, 9.725207642141794e-13, -1.7374422086787977e-12]
    - [6.577161596965714, -21.441367582826626, 23.965122533829426, -9.300672193646648,
      -1.552679889158626e-15, 4.753272272501529e-13, -9.725207642141794e-13, 1.7374422086787977e-12]
    - 0.9314207859041533
    - 3.4641016145141466
    - 0.9897939021332199
    - 0.35726004902184366
    q_f: [-1, 1, -1, 0]
    swath:
    - [-1, 1, 0]
    - [-1, 0, -1]
    - [0, 0, -1]
    - [0, 0, 0]
    - [-1, 1, -1]
    - [-1, 0, 0]
    - [0, 1, 0]
    - [0, 1, -1]
  - cost: 0.3243190277402001
    params:
    - [13.372056893438804, -39.390307474032994, 39.78265171738752, -13.951008290469927,
      -2.1045069882126645e-15, 5.821545838074083e-13, -1.0762711462889708e-12, 1.7374422086787977e-12]
    - [-13.372056893438804, 39.390307474032994, -39.78265171738752, 13.951008290469927,
      2.1045069882126645e-15, -5.821545838074083e-13, 1.0762711462889708e-12, -1.7374422086787977e-12]
    - [0.0, 0.0, 0.0, 0.0, 0.0, 0.0, 0.0, 0.0]
    - 0.8416336883468499
    - 2.828427123372177
    - 1.020203785241409
    - 0.3243190277402001
    q_f: [-1, 1, 0, 0]
    swath:
    - [-1, 1, 0]
    - [-1, 0, 0]
    - [0, 1, 0]
    - [0, 0, 0]
  - cost: 0.35726004910315273
    params:
    - [6.577161596965714, -21.441367582826626, 23.965122533829426, -9.300672193646648,
      -1.552679889158626e-15, 4.753272272501529e-13, -9.725207642141794e-13, 1.7374422086787977e-12]
    - [-6.577161596965714, 21.441367582826626, -23.965122533829426, 9.300672193646648,
      1.552679889158626e-15, -4.753272272501529e-13, 9.725207642141794e-13, -1.7374422086787977e-12]
    - [-6.577161596965714, 21.441367582826626, -23.965122533829426, 9.300672193646648,
      1.552679889158626e-15, -4.753272272501529e-13, 9.725207642141794e-13, -1.7374422086787977e-12]
    - 0.9314207859041533
    - 3.4641016145141466
    - 0.9897939021332199
    - 0.35726004910315273
    q_f: [-1, 1, 1, 0]
    swath:
    - [-1, 1, 0]
    - [0, 1, 1]
    - [-1, 1, 1]
    - [0, 0, 1]
    - [-1, 0, 1]
    - [0, 0, 0]
    - [-1, 0, 0]
    - [0, 1, 0]
  - cost: 0.32196013832055875
    params:
    - [0.0, 0.0, 0.0, 0.0, 0.0, 0.0, 0.0, 0.0]
    - [13.372056893438804, -39.390307474032994, 39.78265171738752, -13.951008290469927,
      -2.1045069882126645e-15, 5.821545838074083e-13, -1.0762711462889708e-12, 1.7374422086787977e-12]
    - [13.372056893438804, -39.390307474032994, 39.78265171738752, -13.951008290469927,
      -2.1045069882126645e-15, 5.821545838074083e-13, -1.0762711462889708e-12, 1.7374422086787977e-12]
    - 0.8416336883468499
    - 2.828427123372177
    - 1.020203785241409
    - 0.32196013832055875
    q_f: [0, -1, -1, 0]
    swath:
    - [0, 0, -1]
    - [0, 0, 0]
    - [0, -1, 0]
    - [0, -1, -1]
  - cost: 0.3855658238788583
    params:
    - [0.0, 0.0, 0.0, 0.0, 0.0, 0.0, 0.0, 0.0]
    - [7.951072599949322, -27.853153527911928, 33.45308921843825, -13.951008290469943,
      -2.5026946839554503e-15, 8.232909078181019e-13, -1.810065097510804e-12, 3.4748844173575955e-12]
    - [0.0, 0.0, 0.0, 0.0, 0.0, 0.0, 0.0, 0.0]
    - 1.0008767704080563
    - 3.999999999952893
    - 0.9682177466993963
    - 0.3855658238788583
    q_f: [0, -2, 0, 0]
    swath:
    - [0, 0, 0]
    - [0, -1, 0]
    - [0, -2, 0]
  - cost: 0.32196013812137886
    params:
    - [0.0, 0.0, 0.0, 0.0, 0.0, 0.0, 0.0, 0.0]
    - [13.372056893438804, -39.390307474032994, 39.78265171738752, -13.951008290469927,
      -2.1045069882126645e-15, 5.821545838074083e-13, -1.0762711462889708e-12, 1.7374422086787977e-12]
    - [-13.372056893438804, 39.390307474032994, -39.78265171738752, 13.951008290469927,
      2.1045069882126645e-15, -5.821545838074083e-13, 1.0762711462889708e-12, -1.7374422086787977e-12]
    - 0.8416336883468499
    - 2.828427123372177
    - 1.020203785241409
    - 0.32196013812137886
    q_f: [0, -1, 1, 0]
    swath:
    - [0, 0, 0]
    - [0, 0, 1]
    - [0, -1, 0]
    - [0, -1, 1]
  - cost: 0.37976919734538445
    params:
    - [0.0, 0.0, 0.0, 0.0, 0.0, 0.0, 0.0, 0.0]
    - [0.0, 0.0, 0.0, 0.0, 0.0, 0.0, 0.0, 0.0]
    - [7.951072599949322, -27.853153527911928, 33.45308921843825, -13.951008290469943,
      -2.5026946839554503e-15, 8.232909078181019e-13, -1.810065097510804e-12, 3.4748844173575955e-12]
    - 1.0008767704080563
    - 3.999999999952893
    - 0.9682177466993963
    - 0.37976919734538445
    q_f: [0, 0, -2, 0]
    swath:
    - [0, 0, -1]
    - [0, 0, 0]
    - [0, 0, -2]
  - cost: 0.3797691970854871
    params:
    - [0.0, 0.0, 0.0, 0.0, 0.0, 0.0, 0.0, 0.0]
    - [0.0, 0.0, 0.0, 0.0, 0.0, 0.0, 0.0, 0.0]
    - [-7.951072599949322, 27.853153527911928, -33.45308921843825, 13.951008290469943,
      2.5026946839554503e-15, -8.232909078181019e-13, 1.810065097510804e-12, -3.4748844173575955e-12]
    - 1.0008767704080563
    - 3.999999999952893
    - 0.9682177466993963
    - 0.3797691970854871
    q_f: [0, 0, 2, 0]
    swath:
    - [0, 0, 0]
    - [0, 0, 1]
    - [0, 0, 2]
  - cost: 0.32196013832055875
    params:
    - [0.0, 0.0, 0.0, 0.0, 0.0, 0.0, 0.0, 0.0]
    - [-13.372056893438804, 39.390307474032994, -39.78265171738752, 13.951008290469927,
      2.1045069882126645e-15, -5.821545838074083e-13, 1.0762711462889708e-12, -1.7374422086787977e-12]
    - [13.372056893438804, -39.390307474032994, 39.78265171738752, -13.951008290469927,
      -2.1045069882126645e-15, 5.821545838074083e-13, -1.0762711462889708e-12, 1.7374422086787977e-12]
    - 0.8416336883468499
    - 2.828427123372177
    - 1.020203785241409
    - 0.32196013832055875
    q_f: [0, 1, -1, 0]
    swath:
    - [0, 0, -1]
    - [0, 1, 0]
    - [0, 0, 0]
    - [0, 1, -1]
  - cost: 0.38556582387885824
    params:
    - [0.0, 0.0, 0.0, 0.0, 0.0, 0.0, 0.0, 0.0]
    - [-7.951072599949322, 27.853153527911928, -33.45308921843825, 13.951008290469943,
      2.5026946839554503e-15, -8.232909078181019e-13, 1.810065097510804e-12, -3.4748844173575955e-12]
    - [0.0, 0.0, 0.0, 0.0, 0.0, 0.0, 0.0, 0.0]
    - 1.0008767704080563
    - 3.999999999952893
    - 0.9682177466993963
    - 0.38556582387885824
    q_f: [0, 2, 0, 0]
    swath:
    - [0, 2, 0]
    - [0, 1, 0]
    - [0, 0, 0]
  - cost: 0.3219601381213789
    params:
    - [0.0, 0.0, 0.0, 0.0, 0.0, 0.0, 0.0, 0.0]
    - [-13.372056893438804, 39.390307474032994, -39.78265171738752, 13.951008290469927,
      2.1045069882126645e-15, -5.821545838074083e-13, 1.0762711462889708e-12, -1.7374422086787977e-12]
    - [-13.372056893438804, 39.390307474032994, -39.78265171738752, 13.951008290469927,
      2.1045069882126645e-15, -5.821545838074083e-13, 1.0762711462889708e-12, -1.7374422086787977e-12]
    - 0.8416336883468499
    - 2.828427123372177
    - 1.020203785241409
    - 0.3219601381213789
    q_f: [0, 1, 1, 0]
    swath:
    - [0, 1, 1]
    - [0, 1, 0]
    - [0, 0, 0]
    - [0, 0, 1]
  - cost: 0.35726004902184366
    params:
    - [-6.577161596965714, 21.441367582826626, -23.965122533829426, 9.300672193646648,
      1.552679889158626e-15, -4.753272272501529e-13, 9.725207642141794e-13, -1.7374422086787977e-12]
    - [6.577161596965714, -21.441367582826626, 23.965122533829426, -9.300672193646648,
      -1.552679889158626e-15, 4.753272272501529e-13, -9.725207642141794e-13, 1.7374422086787977e-12]
    - [6.577161596965714, -21.441367582826626, 23.965122533829426, -9.300672193646648,
      -1.552679889158626e-15, 4.753272272501529e-13, -9.725207642141794e-13, 1.7374422086787977e-12]
    - 0.9314207859041533
    - 3.4641016145141466
    - 0.9897939021332199
    - 0.35726004902184366
    q_f: [1, -1, -1, 0]
    swath:
    - [0, 0, -1]
    - [1, -1, -1]
    - [1, 0, -1]
    - [0, -1, -1]
    - [1, 0, 0]
    - [0, 0, 0]
    - [1, -1, 0]
    - [0, -1, 0]
  - cost: 0.3243190277402001
    params:
    - [-13.372056893438804, 39.390307474032994, -39.78265171738752, 13.951008290469927,
      2.1045069882126645e-15, -5.821545838074083e-13, 1.0762711462889708e-12, -1.7374422086787977e-12]
    - [13.372056893438804, -39.390307474032994, 39.78265171738752, -13.951008290469927,
      -2.1045069882126645e-15, 5.821545838074083e-13, -1.0762711462889708e-12, 1.7374422086787977e-12]
    - [0.0, 0.0, 0.0, 0.0, 0.0, 0.0, 0.0, 0.0]
    - 0.8416336883468499
    - 2.828427123372177
    - 1.020203785241409
    - 0.3243190277402001
    q_f: [1, -1, 0, 0]
    swath:
    - [1, 0, 0]
    - [0, 0, 0]
    - [0, -1, 0]
    - [1, -1, 0]
  - cost: 0.3572600491031527
    params:
    - [-6.577161596965714, 21.441367582826626, -23.965122533829426, 9.300672193646648,
      1.552679889158626e-15, -4.753272272501529e-13, 9.725207642141794e-13, -1.7374422086787977e-12]
    - [6.577161596965714, -21.441367582826626, 23.965122533829426, -9.300672193646648,
      -1.552679889158626e-15, 4.753272272501529e-13, -9.725207642141794e-13, 1.7374422086787977e-12]
    - [-6.577161596965714, 21.441367582826626, -23.965122533829426, 9.300672193646648,
      1.552679889158626e-15, -4.753272272501529e-13, 9.725207642141794e-13, -1.7374422086787977e-12]
    - 0.9314207859041533
    - 3.4641016145141466
    - 0.9897939021332199
    - 0.3572600491031527
    q_f: [1, -1, 1, 0]
    swath:
    - [1, 0, 0]
    - [0, 0, 1]
    - [1, -1, 0]
    - [1, 0, 1]
    - [0, 0, 0]
    - [1, -1, 1]
    - [0, -1, 1]
    - [0, -1, 0]
  - cost: 0.321960138320929
    params:
    - [-13.372056893438804, 39.390307474032994, -39.78265171738752, 13.951008290469927,
      2.1045069882126645e-15, -5.821545838074083e-13, 1.0762711462889708e-12, -1.7374422086787977e-12]
    - [0.0, 0.0, 0.0, 0.0, 0.0, 0.0, 0.0, 0.0]
    - [13.372056893438804, -39.390307474032994, 39.78265171738752, -13.951008290469927,
      -2.1045069882126645e-15, 5.821545838074083e-13, -1.0762711462889708e-12, 1.7374422086787977e-12]
    - 0.8416336883468499
    - 2.828427123372177
    - 1.020203785241409
    - 0.321960138320929
    q_f: [1, 0, -1, 0]
    swath:
    - [1, 0, 0]
    - [0, 0, -1]
    - [0, 0, 0]
    - [1, 0, -1]
  - cost: 0.3855658238792153
    params:
    - [-7.951072599949322, 27.853153527911928, -33.45308921843825, 13.951008290469943,
      2.5026946839554503e-15, -8.232909078181019e-13, 1.810065097510804e-12, -3.4748844173575955e-12]
    - [0.0, 0.0, 0.0, 0.0, 0.0, 0.0, 0.0, 0.0]
    - [0.0, 0.0, 0.0, 0.0, 0.0, 0.0, 0.0, 0.0]
    - 1.0008767704080563
    - 3.999999999952893
    - 0.9682177466993963
    - 0.3855658238792153
    q_f: [2, 0, 0, 0]
    swath:
    - [1, 0, 0]
    - [0, 0, 0]
    - [2, 0, 0]
  - cost: 0.32196013812174895
    params:
    - [-13.372056893438804, 39.390307474032994, -39.78265171738752, 13.951008290469927,
      2.1045069882126645e-15, -5.821545838074083e-13, 1.0762711462889708e-12, -1.7374422086787977e-12]
    - [0.0, 0.0, 0.0, 0.0, 0.0, 0.0, 0.0, 0.0]
    - [-13.372056893438804, 39.390307474032994, -39.78265171738752, 13.951008290469927,
      2.1045069882126645e-15, -5.821545838074083e-13, 1.0762711462889708e-12, -1.7374422086787977e-12]
    - 0.8416336883468499
    - 2.828427123372177
    - 1.020203785241409
    - 0.32196013812174895
    q_f: [1, 0, 1, 0]
    swath:
    - [1, 0, 0]
    - [0, 0, 0]
    - [0, 0, 1]
    - [1, 0, 1]
  - cost: 0.35726004902184394
    params:
    - [-6.577161596965714, 21.441367582826626, -23.965122533829426, 9.300672193646648,
      1.552679889158626e-15, -4.753272272501529e-13, 9.725207642141794e-13, -1.7374422086787977e-12]
    - [-6.577161596965714, 21.441367582826626, -23.965122533829426, 9.300672193646648,
      1.552679889158626e-15, -4.753272272501529e-13, 9.725207642141794e-13, -1.7374422086787977e-12]
    - [6.577161596965714, -21.441367582826626, 23.965122533829426, -9.300672193646648,
      -1.552679889158626e-15, 4.753272272501529e-13, -9.725207642141794e-13, 1.7374422086787977e-12]
    - 0.9314207859041533
    - 3.4641016145141466
    - 0.9897939021332199
    - 0.35726004902184394
    q_f: [1, 1, -1, 0]
    swath:
    - [1, 1, 0]
    - [1, 1, -1]
    - [1, 0, 0]
    - [1, 0, -1]
    - [0, 0, -1]
    - [0, 0, 0]
    - [0, 1, 0]
    - [0, 1, -1]
  - cost: 0.32431902774020044
    params:
    - [-13.372056893438804, 39.390307474032994, -39.78265171738752, 13.951008290469927,
      2.1045069882126645e-15, -5.821545838074083e-13, 1.0762711462889708e-12, -1.7374422086787977e-12]
    - [-13.372056893438804, 39.390307474032994, -39.78265171738752, 13.951008290469927,
      2.1045069882126645e-15, -5.821545838074083e-13, 1.0762711462889708e-12, -1.7374422086787977e-12]
    - [0.0, 0.0, 0.0, 0.0, 0.0, 0.0, 0.0, 0.0]
    - 0.8416336883468499
    - 2.828427123372177
    - 1.020203785241409
    - 0.32431902774020044
    q_f: [1, 1, 0, 0]
    swath:
    - [1, 0, 0]
    - [1, 1, 0]
    - [0, 1, 0]
    - [0, 0, 0]
  - cost: 0.357260049103153
    params:
    - [-6.577161596965714, 21.441367582826626, -23.965122533829426, 9.300672193646648,
      1.552679889158626e-15, -4.753272272501529e-13, 9.725207642141794e-13, -1.7374422086787977e-12]
    - [-6.577161596965714, 21.441367582826626, -23.965122533829426, 9.300672193646648,
      1.552679889158626e-15, -4.753272272501529e-13, 9.725207642141794e-13, -1.7374422086787977e-12]
    - [-6.577161596965714, 21.441367582826626, -23.965122533829426, 9.300672193646648,
      1.552679889158626e-15, -4.753272272501529e-13, 9.725207642141794e-13, -1.7374422086787977e-12]
    - 0.9314207859041533
    - 3.4641016145141466
    - 0.9897939021332199
    - 0.357260049103153
    q_f: [1, 1, 1, 0]
    swath:
    - [1, 1, 0]
    - [0, 1, 1]
    - [1, 0, 0]
    - [0, 0, 1]
    - [1, 0, 1]
    - [0, 0, 0]
    - [1, 1, 1]
    - [0, 1, 0]
  - cost: 0.7141466375093788
    params:
    - [0.20553610429898872, -1.3400843807765632, 2.9956382803630883, -2.325166783936083,
      -7.763396279367263e-16, 4.75327098003634e-13, -1.945041263989621e-12, 6.949768834715191e-12]
    - [0.20553610429898872, -1.3400843807765632, 2.9956382803630883, -2.325166783936083,
      -7.763396279367263e-16, 4.75327098003634e-13, -1.945041263989621e-12, 6.949768834715191e-12]
    - [0.20553610429898872, -1.3400843807765632, 2.9956382803630883, -2.325166783936083,
      -7.763396279367263e-16, 4.75327098003634e-13, -1.945041263989621e-12, 6.949768834715191e-12]
    - 1.8628418250715575
    - 13.856406458055199
    - 0.7818496527965024
    - 0.7141466375093788
    q_f: [-4, -4, -4, 0]
    swath:
    - [-4, -4, -3]
    - [-3, -2, -2]
    - [-4, -4, -4]
    - [-1, -1, -2]
    - [-2, -3, -2]
    - [-1, -2, -2]
    - [-2, -1, -2]
    - [-2, -2, -3]
    - [-2, -3, -3]
    - [0, -1, -1]
    - [0, 0, -1]
    - [-4, -3, -4]
    - [-1, 0, 0]
    - [-4, -3, -3]
    - [-1, -1, -1]
    - [-1, 0, -1]
    - [-3, -4, -4]
    - [-3, -2, -3]
    - [-3, -4, -3]
    - [0, 0, 0]
    - [0, -1, 0]
    - [-3, -3, -3]
    - [-2, -2, -1]
    - [-3, -3, -4]
    - [-3, -3, -2]
    - [-1, -1, 0]
    - [-1, -2, -1]
    - [-2, -1, -1]
    - [-2, -2, -2]
  - cost: 0.6486380312430587
    params:
    - [0.4178763802321377, -2.4618922088821, 4.972828084259982, -3.4877501759041207,
      -1.0522530649280201e-15, 5.821544255133977e-13, -2.152541999928373e-12, 6.949768834715191e-12]
    - [0.4178763802321377, -2.4618922088821, 4.972828084259982, -3.4877501759041207,
      -1.0522530649280201e-15, 5.821544255133977e-13, -2.152541999928373e-12, 6.949768834715191e-12]
    - [0.0, 0.0, 0.0, 0.0, 0.0, 0.0, 0.0, 0.0]
    - 1.68326760554288
    - 11.3137084934869
    - 0.812259535904656
    - 0.6486380312430587
    q_f: [-4, -4, 0, 0]
    swath:
    - [-3, -4, 0]
    - [-2, -3, 0]
    - [-1, 0, 0]
    - [-4, -4, 0]
    - [-4, -3, 0]
    - [-2, -1, 0]
    - [-2, -2, 0]
    - [-3, -2, 0]
    - [0, 0, 0]
    - [0, -1, 0]
    - [-1, -2, 0]
    - [-3, -3, 0]
    - [-1, -1, 0]
  - cost: 0.7141466374609704
    params:
    - [0.20553610429898872, -1.3400843807765632, 2.9956382803630883, -2.325166783936083,
      -7.763396279367263e-16, 4.75327098003634e-13, -1.945041263989621e-12, 6.949768834715191e-12]
    - [0.20553610429898872, -1.3400843807765632, 2.9956382803630883, -2.325166783936083,
      -7.763396279367263e-16, 4.75327098003634e-13, -1.945041263989621e-12, 6.949768834715191e-12]
    - [-0.20553610429898872, 1.3400843807765632, -2.9956382803630883, 2.325166783936083,
      7.763396279367263e-16, -4.75327098003634e-13, 1.945041263989621e-12, -6.949768834715191e-12]
    - 1.8628418250715575
    - 13.856406458055199
    - 0.7818496527965024
    - 0.7141466374609704
    q_f: [-4, -4, 4, 0]
    swath:
    - [-3, -2, 2]
    - [-3, -2, 3]
    - [-1, -1, 0]
    - [-3, -3, 3]
    - [-1, -1, 2]
    - [-3, -3, 2]
    - [-4, -3, 3]
    - [-2, -1, 2]
    - [-1, 0, 1]
    - [-3, -3, 4]
    - [-1, 0, 0]
    - [-2, -1, 1]
    - [-2, -2, 1]
    - [-1, -2, 2]
    - [0, 0, 1]
    - [0, -1, 1]
    - [0, 0, 0]
    - [-4, -3, 4]
    - [-2, -3, 2]
    - [-3, -4, 3]
    - [-2, -2, 3]
    - [-3, -4, 4]
    - [-2, -3, 3]
    - [-2, -2, 2]
    - [-1, -1, 1]
    - [-4, -4, 4]
    - [-1, -2, 1]
    - [-4, -4, 3]
    - [0, -1, 0]
  - cost: 0.6439202701298364
    params:
    - [0.4178763802321377, -2.4618922088821, 4.972828084259982, -3.4877501759041207,
      -1.0522530649280201e-15, 5.821544255133977e-13, -2.152541999928373e-12, 6.949768834715191e-12]
    - [0.0, 0.0, 0.0, 0.0, 0.0, 0.0, 0.0, 0.0]
    - [0.4178763802321377, -2.4618922088821, 4.972828084259982, -3.4877501759041207,
      -1.0522530649280201e-15, 5.821544255133977e-13, -2.152541999928373e-12, 6.949768834715191e-12]
    - 1.68326760554288
    - 11.3137084934869
    - 0.812259535904656
    - 0.6439202701298364
    q_f: [-4, 0, -4, 0]
    swath:
    - [-3, 0, -4]
    - [-4, 0, -4]
    - [-2, 0, -3]
    - [-3, 0, -3]
    - [-1, 0, -1]
    - [0, 0, -1]
    - [-3, 0, -2]
    - [0, 0, 0]
    - [-2, 0, -1]
    - [-1, 0, -2]
    - [-1, 0, 0]
    - [-2, 0, -2]
    - [-4, 0, -3]
  - cost: 0.6679006790549118
    params:
    - [0.5100610596837039, -3.094792311910347, 6.438045645391524, -4.65033356786986,
      3.530078555612259e-14, 3.965975566367382e-13, -3.951272476541842e-13, 3.9714301397906374e-12]
    - [0.0, 0.0, 0.0, 0.0, 0.0, 0.0, 0.0, 0.0]
    - [0.0, 0.0, 0.0, 0.0, 0.0, 0.0, 0.0, 0.0]
    - 1.7335696541504297
    - 11.99999999255514
    - 0.8034258082303833
    - 0.6679006790549118
    q_f: [-6, 0, 0, 0]
    swath:
    - [-3, 0, 0]
    - [-6, 0, 0]
    - [-4, 0, 0]
    - [0, 0, 0]
    - [-2, 0, 0]
    - [-1, 0, 0]
    - [-5, 0, 0]
  - cost: 0.643920270202399
    params:
    - [0.4178763802321377, -2.4618922088821, 4.972828084259982, -3.4877501759041207,
      -1.0522530649280201e-15, 5.821544255133977e-13, -2.152541999928373e-12, 6.949768834715191e-12]
    - [0.0, 0.0, 0.0, 0.0, 0.0, 0.0, 0.0, 0.0]
    - [-0.4178763802321377, 2.4618922088821, -4.972828084259982, 3.4877501759041207,
      1.0522530649280201e-15, -5.821544255133977e-13, 2.152541999928373e-12, -6.949768834715191e-12]
    - 1.68326760554288
    - 11.3137084934869
    - 0.812259535904656
    - 0.643920270202399
    q_f: [-4, 0, 4, 0]
    swath:
    - [-2, 0, 3]
    - [-2, 0, 2]
    - [-3, 0, 4]
    - [-4, 0, 4]
    - [0, 0, 1]
    - [-2, 0, 1]
    - [-1, 0, 1]
    - [0, 0, 0]
    - [-3, 0, 2]
    - [-1, 0, 0]
    - [-4, 0, 3]
    - [-3, 0, 3]
    - [-1, 0, 2]
  - cost: 0.7141466375093751
    params:
    - [0.20553610429898872, -1.3400843807765632, 2.9956382803630883, -2.325166783936083,
      -7.763396279367263e-16, 4.75327098003634e-13, -1.945041263989621e-12, 6.949768834715191e-12]
    - [-0.20553610429898872, 1.3400843807765632, -2.9956382803630883, 2.325166783936083,
      7.763396279367263e-16, -4.75327098003634e-13, 1.945041263989621e-12, -6.949768834715191e-12]
    - [0.20553610429898872, -1.3400843807765632, 2.9956382803630883, -2.325166783936083,
      -7.763396279367263e-16, 4.75327098003634e-13, -1.945041263989621e-12, 6.949768834715191e-12]
    - 1.8628418250715575
    - 13.856406458055199
    - 0.7818496527965024
    - 0.7141466375093751
    q_f: [-4, 4, -4, 0]
    swath:
    - [-4, 3, -4]
    - [-3, 3, -4]
    - [-1, 1, -1]
    - [-1, 1, -2]
    - [-2, 2, -1]
    - [-1, 2, -2]
    - [-3, 4, -4]
    - [-2, 2, -3]
    - [-3, 4, -3]
    - [-2, 1, -1]
    - [0, 0, -1]
    - [-2, 2, -2]
    - [-1, 0, 0]
    - [-2, 1, -2]
    - [-3, 2, -2]
    - [-4, 3, -3]
    - [-1, 0, -1]
    - [0, 0, 0]
    - [-3, 2, -3]
    - [-4, 4, -3]
    - [-2, 3, -3]
    - [-4, 4, -4]
    - [-1, 1, 0]
    - [-2, 3, -2]
    - [-1, 2, -1]
    - [-3, 3, -3]
    - [-3, 3, -2]
    - [0, 1, 0]
    - [0, 1, -1]
  - cost: 0.6486380312430587
    params:
    - [0.4178763802321377, -2.4618922088821, 4.972828084259982, -3.4877501759041207,
      -1.0522530649280201e-15, 5.821544255133977e-13, -2.152541999928373e-12, 6.949768834715191e-12]
    - [-0.4178763802321377, 2.4618922088821, -4.972828084259982, 3.4877501759041207,
      1.0522530649280201e-15, -5.821544255133977e-13, 2.152541999928373e-12, -6.949768834715191e-12]
    - [0.0, 0.0, 0.0, 0.0, 0.0, 0.0, 0.0, 0.0]
    - 1.68326760554288
    - 11.3137084934869
    - 0.812259535904656
    - 0.6486380312430587
    q_f: [-4, 4, 0, 0]
    swath:
    - [-1, 1, 0]
    - [-2, 1, 0]
    - [-1, 2, 0]
    - [-4, 3, 0]
    - [-3, 4, 0]
    - [-2, 2, 0]
    - [-3, 3, 0]
    - [-2, 3, 0]
    - [-4, 4, 0]
    - [-3, 2, 0]
    - [-1, 0, 0]
    - [0, 1, 0]
    - [0, 0, 0]
  - cost: 0.7141466374609649
    params:
    - [0.20553610429898872, -1.3400843807765632, 2.9956382803630883, -2.325166783936083,
      -7.763396279367263e-16, 4.75327098003634e-13, -1.945041263989621e-12, 6.949768834715191e-12]
    - [-0.20553610429898872, 1.3400843807765632, -2.9956382803630883, 2.325166783936083,
      7.763396279367263e-16, -4.75327098003634e-13, 1.945041263989621e-12, -6.949768834715191e-12]
    - [-0.20553610429898872, 1.3400843807765632, -2.9956382803630883, 2.325166783936083,
      7.763396279367263e-16, -4.75327098003634e-13, 1.945041263989621e-12, -6.949768834715191e-12]
    - 1.8628418250715575
    - 13.856406458055199
    - 0.7818496527965024
    - 0.7141466374609649
    q_f: [-4, 4, 4, 0]
    swath:
    - [0, 1, 1]
    - [-3, 4, 4]
    - [-3, 3, 2]
    - [-3, 3, 3]
    - [-4, 4, 4]
    - [-4, 4, 3]
    - [-2, 3, 2]
    - [-2, 3, 3]
    - [-4, 3, 4]
    - [-3, 3, 4]
    - [-2, 2, 2]
    - [-1, 0, 1]
    - [-1, 0, 0]
    - [-4, 3, 3]
    - [-3, 2, 2]
    - [-3, 2, 3]
    - [0, 0, 1]
    - [-2, 1, 2]
    - [0, 0, 0]
    - [-2, 2, 3]
    - [-2, 2, 1]
    - [-1, 2, 2]
    - [-1, 1, 0]
    - [-3, 4, 3]
    - [-1, 2, 1]
    - [-1, 1, 1]
    - [-2, 1, 1]
    - [-1, 1, 2]
    - [0, 1, 0]
  - cost: 0.6439202701297899
    params:
    - [0.0, 0.0, 0.0, 0.0, 0.0, 0.0, 0.0, 0.0]
    - [0.4178763802321377, -2.4618922088821, 4.972828084259982, -3.4877501759041207,
      -1.0522530649280201e-15, 5.821544255133977e-13, -2.152541999928373e-12, 6.949768834715191e-12]
    - [0.4178763802321377, -2.4618922088821, 4.972828084259982, -3.4877501759041207,
      -1.0522530649280201e-15, 5.821544255133977e-13, -2.152541999928373e-12, 6.949768834715191e-12]
    - 1.68326760554288
    - 11.3137084934869
    - 0.812259535904656
    - 0.6439202701297899
    q_f: [0, -4, -4, 0]
    swath:
    - [0, -3, -3]
    - [0, -2, -1]
    - [0, -3, -2]
    - [0, -4, -4]
    - [0, -2, -2]
    - [0, 0, -1]
    - [0, 0, 0]
    - [0, -1, 0]
    - [0, -4, -3]
    - [0, -2, -3]
    - [0, -1, -1]
    - [0, -3, -4]
    - [0, -1, -2]
  - cost: 0.6679006790548409
    params:
    - [0.0, 0.0, 0.0, 0.0, 0.0, 0.0, 0.0, 0.0]
    - [0.5100610596837039, -3.094792311910347, 6.438045645391524, -4.65033356786986,
      3.530078555612259e-14, 3.965975566367382e-13, -3.951272476541842e-13, 3.9714301397906374e-12]
    - [0.0, 0.0, 0.0, 0.0, 0.0, 0.0, 0.0, 0.0]
    - 1.7335696541504297
    - 11.99999999255514
    - 0.8034258082303833
    - 0.6679006790548409
    q_f: [0, -6, 0, 0]
    swath:
    - [0, -5, 0]
    - [0, -4, 0]
    - [0, -3, 0]
    - [0, 0, 0]
    - [0, -1, 0]
    - [0, -6, 0]
    - [0, -2, 0]
  - cost: 0.6439202702023527
    params:
    - [0.0, 0.0, 0.0, 0.0, 0.0, 0.0, 0.0, 0.0]
    - [0.4178763802321377, -2.4618922088821, 4.972828084259982, -3.4877501759041207,
      -1.0522530649280201e-15, 5.821544255133977e-13, -2.152541999928373e-12, 6.949768834715191e-12]
    - [-0.4178763802321377, 2.4618922088821, -4.972828084259982, 3.4877501759041207,
      1.0522530649280201e-15, -5.821544255133977e-13, 2.152541999928373e-12, -6.949768834715191e-12]
    - 1.68326760554288
    - 11.3137084934869
    - 0.812259535904656
    - 0.6439202702023527
    q_f: [0, -4, 4, 0]
    swath:
    - [0, -3, 3]
    - [0, -2, 1]
    - [0, -3, 2]
    - [0, 0, 1]
    - [0, -4, 3]
    - [0, -1, 1]
    - [0, -1, 2]
    - [0, -3, 4]
    - [0, 0, 0]
    - [0, -1, 0]
    - [0, -2, 2]
    - [0, -2, 3]
    - [0, -4, 4]
  - cost: 0.6578606312310612
    params:
    - [0.0, 0.0, 0.0, 0.0, 0.0, 0.0, 0.0, 0.0]
    - [0.0, 0.0, 0.0, 0.0, 0.0, 0.0, 0.0, 0.0]
    - [0.5100610596837039, -3.094792311910347, 6.438045645391524, -4.65033356786986,
      3.530078555612259e-14, 3.965975566367382e-13, -3.951272476541842e-13, 3.9714301397906374e-12]
    - 1.7335696541504297
    - 11.99999999255514
    - 0.8034258082303833
    - 0.6578606312310612
    q_f: [0, 0, -6, 0]
    swath:
    - [0, 0, -5]
    - [0, 0, -2]
    - [0, 0, -6]
    - [0, 0, -1]
    - [0, 0, 0]
    - [0, 0, -3]
    - [0, 0, -4]
  - cost: 0.6578606311946905
    params:
    - [0.0, 0.0, 0.0, 0.0, 0.0, 0.0, 0.0, 0.0]
    - [0.0, 0.0, 0.0, 0.0, 0.0, 0.0, 0.0, 0.0]
    - [-0.5100610596837039, 3.094792311910347, -6.438045645391524, 4.65033356786986,
      -3.530078555612259e-14, -3.965975566367382e-13, 3.951272476541842e-13, -3.9714301397906374e-12]
    - 1.7335696541504297
    - 11.99999999255514
    - 0.8034258082303833
    - 0.6578606311946905
    q_f: [0, 0, 6, 0]
    swath:
    - [0, 0, 2]
    - [0, 0, 6]
    - [0, 0, 1]
    - [0, 0, 5]
    - [0, 0, 0]
    - [0, 0, 4]
    - [0, 0, 3]
  - cost: 0.6439202701297899
    params:
    - [0.0, 0.0, 0.0, 0.0, 0.0, 0.0, 0.0, 0.0]
    - [-0.4178763802321377, 2.4618922088821, -4.972828084259982, 3.4877501759041207,
      1.0522530649280201e-15, -5.821544255133977e-13, 2.152541999928373e-12, -6.949768834715191e-12]
    - [0.4178763802321377, -2.4618922088821, 4.972828084259982, -3.4877501759041207,
      -1.0522530649280201e-15, 5.821544255133977e-13, -2.152541999928373e-12, 6.949768834715191e-12]
    - 1.68326760554288
    - 11.3137084934869
    - 0.812259535904656
    - 0.6439202701297899
    q_f: [0, 4, -4, 0]
    swath:
    - [0, 3, -3]
    - [0, 4, -3]
    - [0, 2, -1]
    - [0, 3, -2]
    - [0, 0, -1]
    - [0, 0, 0]
    - [0, 2, -3]
    - [0, 2, -2]
    - [0, 1, -2]
    - [0, 1, 0]
    - [0, 1, -1]
    - [0, 4, -4]
    - [0, 3, -4]
  - cost: 0.6679006790548409
    params:
    - [0.0, 0.0, 0.0, 0.0, 0.0, 0.0, 0.0, 0.0]
    - [-0.5100610596837039, 3.094792311910347, -6.438045645391524, 4.65033356786986,
      -3.530078555612259e-14, -3.965975566367382e-13, 3.951272476541842e-13, -3.9714301397906374e-12]
    - [0.0, 0.0, 0.0, 0.0, 0.0, 0.0, 0.0, 0.0]
    - 1.7335696541504297
    - 11.99999999255514
    - 0.8034258082303833
    - 0.6679006790548409
    q_f: [0, 6, 0, 0]
    swath:
    - [0, 2, 0]
    - [0, 3, 0]
    - [0, 4, 0]
    - [0, 0, 0]
    - [0, 5, 0]
    - [0, 1, 0]
    - [0, 6, 0]
  - cost: 0.6439202702023527
    params:
    - [0.0, 0.0, 0.0, 0.0, 0.0, 0.0, 0.0, 0.0]
    - [-0.4178763802321377, 2.4618922088821, -4.972828084259982, 3.4877501759041207,
      1.0522530649280201e-15, -5.821544255133977e-13, 2.152541999928373e-12, -6.949768834715191e-12]
    - [-0.4178763802321377, 2.4618922088821, -4.972828084259982, 3.4877501759041207,
      1.0522530649280201e-15, -5.821544255133977e-13, 2.152541999928373e-12, -6.949768834715191e-12]
    - 1.68326760554288
    - 11.3137084934869
    - 0.812259535904656
    - 0.6439202702023527
    q_f: [0, 4, 4, 0]
    swath:
    - [0, 1, 1]
    - [0, 3, 4]
    - [0, 3, 2]
    - [0, 3, 3]
    - [0, 1, 2]
    - [0, 4, 4]
    - [0, 0, 1]
    - [0, 2, 2]
    - [0, 4, 3]
    - [0, 2, 3]
    - [0, 0, 0]
    - [0, 1, 0]
    - [0, 2, 1]
  - cost: 0.7141466375093751
    params:
    - [-0.20553610429898872, 1.3400843807765632, -2.9956382803630883, 2.325166783936083,
      7.763396279367263e-16, -4.75327098003634e-13, 1.945041263989621e-12, -6.949768834715191e-12]
    - [0.20553610429898872, -1.3400843807765632, 2.9956382803630883, -2.325166783936083,
      -7.763396279367263e-16, 4.75327098003634e-13, -1.945041263989621e-12, 6.949768834715191e-12]
    - [0.20553610429898872, -1.3400843807765632, 2.9956382803630883, -2.325166783936083,
      -7.763396279367263e-16, 4.75327098003634e-13, -1.945041263989621e-12, 6.949768834715191e-12]
    - 1.8628418250715575
    - 13.856406458055199
    - 0.7818496527965024
    - 0.7141466375093751
    q_f: [4, -4, -4, 0]
    swath:
    - [3, -3, -4]
    - [3, -2, -3]
    - [1, -1, -1]
    - [4, -3, -4]
    - [1, -2, -1]
    - [1, -1, 0]
    - [2, -3, -2]
    - [2, -1, -1]
    - [2, -1, -2]
    - [2, -2, -3]
    - [1, -1, -2]
    - [2, -3, -3]
    - [0, -1, -1]
    - [0, 0, -1]
    - [3, -4, -4]
    - [2, -2, -2]
    - [3, -4, -3]
    - [1, 0, 0]
    - [0, 0, 0]
    - [1, -2, -2]
    - [0, -1, 0]
    - [4, -4, -3]
    - [4, -4, -4]
    - [2, -2, -1]
    - [1, 0, -1]
    - [3, -2, -2]
    - [3, -3, -2]
    - [3, -3, -3]
    - [4, -3, -3]
  - cost: 0.6486380312430589
    params:
    - [-0.4178763802321377, 2.4618922088821, -4.972828084259982, 3.4877501759041207,
      1.0522530649280201e-15, -5.821544255133977e-13, 2.152541999928373e-12, -6.949768834715191e-12]
    - [0.4178763802321377, -2.4618922088821, 4.972828084259982, -3.4877501759041207,
      -1.0522530649280201e-15, 5.821544255133977e-13, -2.152541999928373e-12, 6.949768834715191e-12]
    - [0.0, 0.0, 0.0, 0.0, 0.0, 0.0, 0.0, 0.0]
    - 1.68326760554288
    - 11.3137084934869
    - 0.812259535904656
    - 0.6486380312430589
    q_f: [4, -4, 0, 0]
    swath:
    - [2, -3, 0]
    - [2, -1, 0]
    - [3, -2, 0]
    - [1, 0, 0]
    - [2, -2, 0]
    - [1, -2, 0]
    - [1, -1, 0]
    - [3, -3, 0]
    - [4, -4, 0]
    - [0, -1, 0]
    - [3, -4, 0]
    - [4, -3, 0]
    - [0, 0, 0]
  - cost: 0.714146637460965
    params:
    - [-0.20553610429898872, 1.3400843807765632, -2.9956382803630883, 2.325166783936083,
      7.763396279367263e-16, -4.75327098003634e-13, 1.945041263989621e-12, -6.949768834715191e-12]
    - [0.20553610429898872, -1.3400843807765632, 2.9956382803630883, -2.325166783936083,
      -7.763396279367263e-16, 4.75327098003634e-13, -1.945041263989621e-12, 6.949768834715191e-12]
    - [-0.20553610429898872, 1.3400843807765632, -2.9956382803630883, 2.325166783936083,
      7.763396279367263e-16, -4.75327098003634e-13, 1.945041263989621e-12, -6.949768834715191e-12]
    - 1.8628418250715575
    - 13.856406458055199
    - 0.7818496527965024
    - 0.714146637460965
    q_f: [4, -4, 4, 0]
    swath:
    - [3, -3, 2]
    - [1, 0, 0]
    - [1, 0, 1]
    - [4, -4, 4]
    - [3, -4, 4]
    - [4, -4, 3]
    - [3, -3, 4]
    - [2, -2, 2]
    - [1, -2, 1]
    - [4, -3, 4]
    - [3, -4, 3]
    - [0, 0, 1]
    - [0, -1, 1]
    - [2, -3, 2]
    - [0, 0, 0]
    - [0, -1, 0]
    - [2, -2, 3]
    - [2, -2, 1]
    - [2, -1, 2]
    - [2, -1, 1]
    - [2, -3, 3]
    - [1, -2, 2]
    - [1, -1, 0]
    - [4, -3, 3]
    - [1, -1, 1]
    - [3, -2, 2]
    - [3, -3, 3]
    - [1, -1, 2]
    - [3, -2, 3]
  - cost: 0.6439202701298362
    params:
    - [-0.4178763802321377, 2.4618922088821, -4.972828084259982, 3.4877501759041207,
      1.0522530649280201e-15, -5.821544255133977e-13, 2.152541999928373e-12, -6.949768834715191e-12]
    - [0.0, 0.0, 0.0, 0.0, 0.0, 0.0, 0.0, 0.0]
    - [0.4178763802321377, -2.4618922088821, 4.972828084259982, -3.4877501759041207,
      -1.0522530649280201e-15, 5.821544255133977e-13, -2.152541999928373e-12, 6.949768834715191e-12]
    - 1.68326760554288
    - 11.3137084934869
    - 0.812259535904656
    - 0.6439202701298362
    q_f: [4, 0, -4, 0]
    swath:
    - [3, 0, -2]
    - [2, 0, -2]
    - [1, 0, 0]
    - [4, 0, -4]
    - [1, 0, -1]
    - [0, 0, -1]
    - [2, 0, -3]
    - [0, 0, 0]
    - [1, 0, -2]
    - [3, 0, -4]
    - [4, 0, -3]
    - [3, 0, -3]
    - [2, 0, -1]
  - cost: 0.6679006790549118
    params:
    - [-0.5100610596837039, 3.094792311910347, -6.438045645391524, 4.65033356786986,
      -3.530078555612259e-14, -3.965975566367382e-13, 3.951272476541842e-13, -3.9714301397906374e-12]
    - [0.0, 0.0, 0.0, 0.0, 0.0, 0.0, 0.0, 0.0]
    - [0.0, 0.0, 0.0, 0.0, 0.0, 0.0, 0.0, 0.0]
    - 1.7335696541504297
    - 11.99999999255514
    - 0.8034258082303833
    - 0.6679006790549118
    q_f: [6, 0, 0, 0]
    swath:
    - [4, 0, 0]
    - [1, 0, 0]
    - [6, 0, 0]
    - [3, 0, 0]
    - [0, 0, 0]
    - [5, 0, 0]
    - [2, 0, 0]
  - cost: 0.6439202702023992
    params:
    - [-0.4178763802321377, 2.4618922088821, -4.972828084259982, 3.4877501759041207,
      1.0522530649280201e-15, -5.821544255133977e-13, 2.152541999928373e-12, -6.949768834715191e-12]
    - [0.0, 0.0, 0.0, 0.0, 0.0, 0.0, 0.0, 0.0]
    - [-0.4178763802321377, 2.4618922088821, -4.972828084259982, 3.4877501759041207,
      1.0522530649280201e-15, -5.821544255133977e-13, 2.152541999928373e-12, -6.949768834715191e-12]
    - 1.68326760554288
    - 11.3137084934869
    - 0.812259535904656
    - 0.6439202702023992
    q_f: [4, 0, 4, 0]
    swath:
    - [3, 0, 2]
    - [4, 0, 4]
    - [2, 0, 3]
    - [3, 0, 3]
    - [1, 0, 0]
    - [2, 0, 2]
    - [0, 0, 1]
    - [3, 0, 4]
    - [1, 0, 1]
    - [4, 0, 3]
    - [0, 0, 0]
    - [2, 0, 1]
    - [1, 0, 2]
  - cost: 0.7141466375093789
    params:
    - [-0.20553610429898872, 1.3400843807765632, -2.9956382803630883, 2.325166783936083,
      7.763396279367263e-16, -4.75327098003634e-13, 1.945041263989621e-12, -6.949768834715191e-12]
    - [-0.20553610429898872, 1.3400843807765632, -2.9956382803630883, 2.325166783936083,
      7.763396279367263e-16, -4.75327098003634e-13, 1.945041263989621e-12, -6.949768834715191e-12]
    - [0.20553610429898872, -1.3400843807765632, 2.9956382803630883, -2.325166783936083,
      -7.763396279367263e-16, 4.75327098003634e-13, -1.945041263989621e-12, 6.949768834715191e-12]
    - 1.8628418250715575
    - 13.856406458055199
    - 0.7818496527965024
    - 0.7141466375093789
    q_f: [4, 4, -4, 0]
    swath:
    - [4, 4, -3]
    - [4, 4, -4]
    - [1, 0, 0]
    - [2, 1, -2]
    - [2, 2, -2]
    - [2, 2, -3]
    - [1, 1, -1]
    - [0, 0, -1]
    - [3, 2, -2]
    - [1, 2, -1]
    - [3, 4, -3]
    - [3, 2, -3]
    - [0, 0, 0]
    - [3, 3, -3]
    - [2, 3, -3]
    - [3, 4, -4]
    - [3, 3, -4]
    - [2, 3, -2]
    - [1, 1, 0]
    - [4, 3, -4]
    - [1, 2, -2]
    - [3, 3, -2]
    - [2, 1, -1]
    - [1, 0, -1]
    - [4, 3, -3]
    - [1, 1, -2]
    - [0, 1, 0]
    - [0, 1, -1]
    - [2, 2, -1]
  - cost: 0.6486380312430587
    params:
    - [-0.4178763802321377, 2.4618922088821, -4.972828084259982, 3.4877501759041207,
      1.0522530649280201e-15, -5.821544255133977e-13, 2.152541999928373e-12, -6.949768834715191e-12]
    - [-0.4178763802321377, 2.4618922088821, -4.972828084259982, 3.4877501759041207,
      1.0522530649280201e-15, -5.821544255133977e-13, 2.152541999928373e-12, -6.949768834715191e-12]
    - [0.0, 0.0, 0.0, 0.0, 0.0, 0.0, 0.0, 0.0]
    - 1.68326760554288
    - 11.3137084934869
    - 0.812259535904656
